0.000000 	 0.0000000000
0.010000 	 0.0099999998
0.020000 	 0.0199999996
0.030000 	 0.0299999993
0.040000 	 0.0399999991
0.050000 	 0.0499999300
0.060000 	 0.0599998124
0.070000 	 0.0699995905
0.080000 	 0.0799991935
0.090000 	 0.0899985358
0.100000 	 0.0999976546
0.110000 	 0.1099960580
0.120000 	 0.1199938059
0.130000 	 0.1299908459
0.140000 	 0.1399867535
0.150000 	 0.1499813646
0.160000 	 0.1599741876
0.170000 	 0.1699650884
0.180000 	 0.1799534112
0.190000 	 0.1899389178
0.200000 	 0.1999210268
0.210000 	 0.2098993212
0.220000 	 0.2198728323
0.230000 	 0.2298412621
0.240000 	 0.2398036271
0.250000 	 0.2497592121
0.260000 	 0.2597069740
0.270000 	 0.2696462274
0.280000 	 0.2795757651
0.290000 	 0.2894943655
0.300000 	 0.2994011939
0.310000 	 0.3092943132
0.320000 	 0.3191729784
0.330000 	 0.3290356696
0.340000 	 0.3388808370
0.350000 	 0.3487064242
0.360000 	 0.3585109711
0.370000 	 0.3682927787
0.380000 	 0.3780495822
0.390000 	 0.3877796531
0.400000 	 0.3974807262
0.410000 	 0.4071503282
0.420000 	 0.4167869091
0.430000 	 0.4263868034
0.440000 	 0.4359485507
0.450000 	 0.4454683065
0.460000 	 0.4549438059
0.470000 	 0.4643726051
0.480000 	 0.4737508595
0.490000 	 0.4830761254
0.500000 	 0.4923442900
0.510000 	 0.5015524030
0.520000 	 0.5106970668
0.530000 	 0.5197743177
0.540000 	 0.5287801027
0.550000 	 0.5377108455
0.560000 	 0.5465628505
0.570000 	 0.5553312302
0.580000 	 0.5640127063
0.590000 	 0.5726025701
0.600000 	 0.5810944438
0.610000 	 0.5894876719
0.620000 	 0.5977744460
0.630000 	 0.6059491038
0.640000 	 0.6140090227
0.650000 	 0.6219495535
0.660000 	 0.6297617555
0.670000 	 0.6374445558
0.680000 	 0.6449912786
0.690000 	 0.6523954272
0.700000 	 0.6596521735
0.710000 	 0.6667557955
0.720000 	 0.6737007499
0.730000 	 0.6804816127
0.740000 	 0.6870920062
0.750000 	 0.6935255527
0.760000 	 0.6997780800
0.770000 	 0.7058428526
0.780000 	 0.7117117643
0.790000 	 0.7173808813
0.800000 	 0.7228453755
0.810000 	 0.7280961871
0.820000 	 0.7331262231
0.830000 	 0.7379387021
0.840000 	 0.7425169349
0.850000 	 0.7468580008
0.860000 	 0.7509604692
0.870000 	 0.7548123598
0.880000 	 0.7584069371
0.890000 	 0.7617454529
0.900000 	 0.7648263574
0.910000 	 0.7676257491
0.920000 	 0.7701523304
0.930000 	 0.7724080086
0.940000 	 0.7743656635
0.950000 	 0.7760363817
0.960000 	 0.7774175406
0.970000 	 0.7784947157
0.980000 	 0.7792659998
0.990000 	 0.7797394991
1.000000 	 0.7798936963
1.010000 	 0.7797318101
1.020000 	 0.7792646885
1.030000 	 0.7784676552
1.040000 	 0.7773467898
1.050000 	 0.7759143710
1.060000 	 0.7741449475
1.070000 	 0.7720448375
1.080000 	 0.7696372271
1.090000 	 0.7668851018
1.100000 	 0.7638021111
1.110000 	 0.7604125142
1.120000 	 0.7566797733
1.130000 	 0.7526199222
1.140000 	 0.7482400537
1.150000 	 0.7435598969
1.160000 	 0.7385434508
1.170000 	 0.7332176566
1.180000 	 0.7276042104
1.190000 	 0.7216631770
1.200000 	 0.7154303789
1.210000 	 0.7089224458
1.220000 	 0.7021188736
1.230000 	 0.6950336099
1.240000 	 0.6877014637
1.250000 	 0.6800904274
1.260000 	 0.6722310185
1.270000 	 0.6641511917
1.280000 	 0.6558242440
1.290000 	 0.6472888589
1.300000 	 0.6385602355
1.310000 	 0.6296220422
1.320000 	 0.6205028892
1.330000 	 0.6112462282
1.340000 	 0.6018191576
1.350000 	 0.5922641754
1.360000 	 0.5826105475
1.370000 	 0.5728330016
1.380000 	 0.5629709363
1.390000 	 0.5530462861
1.400000 	 0.5430972576
1.410000 	 0.5331056714
1.420000 	 0.5230987072
1.430000 	 0.5131258368
1.440000 	 0.5031599402
1.450000 	 0.4932487309
1.460000 	 0.4834289253
1.470000 	 0.4736945629
1.480000 	 0.4640663564
1.490000 	 0.4545942545
1.500000 	 0.4452607632
1.510000 	 0.4361092746
1.520000 	 0.4271776974
1.530000 	 0.4184529185
1.540000 	 0.4099768102
1.550000 	 0.4017796516
1.560000 	 0.3938555717
1.570000 	 0.3862363994
1.580000 	 0.3789668381
1.590000 	 0.3720296323
1.600000 	 0.3654563129
1.610000 	 0.3592917919
1.620000 	 0.3535152376
1.630000 	 0.3481600285
1.640000 	 0.3432469070
1.650000 	 0.3388053775
1.660000 	 0.3348067105
1.670000 	 0.3313027918
1.680000 	 0.3283082545
1.690000 	 0.3258068264
1.700000 	 0.3238260448
1.710000 	 0.3223813176
1.720000 	 0.3214390874
1.730000 	 0.3210571110
1.740000 	 0.3212271929
1.750000 	 0.3219353259
1.760000 	 0.3231908679
1.770000 	 0.3250013590
1.780000 	 0.3273486197
1.790000 	 0.3302019238
1.800000 	 0.3336338997
1.810000 	 0.3375743926
1.820000 	 0.3420364559
1.830000 	 0.3470116854
1.840000 	 0.3524703383
1.850000 	 0.3583577275
1.860000 	 0.3647559583
1.870000 	 0.3715857267
1.880000 	 0.3788323998
1.890000 	 0.3864749074
1.900000 	 0.3944920599
1.910000 	 0.4027940631
1.920000 	 0.4114640057
1.930000 	 0.4204257131
1.940000 	 0.4296345413
1.950000 	 0.4390661418
1.960000 	 0.4486883879
1.970000 	 0.4584006667
1.980000 	 0.4682857692
1.990000 	 0.4782517850
2.000000 	 0.4882533550
2.010000 	 0.4982542098
2.020000 	 0.5082209110
2.030000 	 0.5181007385
2.040000 	 0.5278067589
2.050000 	 0.5374103189
2.060000 	 0.5468092561
2.070000 	 0.5559648871
2.080000 	 0.5648443699
2.090000 	 0.5733978152
2.100000 	 0.5815449357
2.110000 	 0.5893494487
2.120000 	 0.5967153907
2.130000 	 0.6036129594
2.140000 	 0.6100120544
2.150000 	 0.6158853173
2.160000 	 0.6211561561
2.170000 	 0.6258766651
2.180000 	 0.6299912930
2.190000 	 0.6334694624
2.200000 	 0.6362913847
2.210000 	 0.6384475231
2.220000 	 0.6398961544
2.230000 	 0.6406717896
2.240000 	 0.6407532692
2.250000 	 0.6401235461
2.260000 	 0.6387907267
2.270000 	 0.6367632151
2.280000 	 0.6340360045
2.290000 	 0.6306250095
2.300000 	 0.6265578866
2.310000 	 0.6218323708
2.320000 	 0.6165015101
2.330000 	 0.6105574965
2.340000 	 0.6040320396
2.350000 	 0.5969755650
2.360000 	 0.5894168615
2.370000 	 0.5813856721
2.380000 	 0.5729292631
2.390000 	 0.5640985370
2.400000 	 0.5549501777
2.410000 	 0.5455301404
2.420000 	 0.5358707309
2.430000 	 0.5260498524
2.440000 	 0.5161364079
2.450000 	 0.5061375499
2.460000 	 0.4961483777
2.470000 	 0.4862333834
2.480000 	 0.4764218926
2.490000 	 0.4667998850
2.500000 	 0.4574134350
2.510000 	 0.4483270645
2.520000 	 0.4396071136
2.530000 	 0.4312938154
2.540000 	 0.4234620631
2.550000 	 0.4161436856
2.560000 	 0.4093889594
2.570000 	 0.4032633901
2.580000 	 0.3977864087
2.590000 	 0.3929973841
2.600000 	 0.3889378309
2.610000 	 0.3856449425
2.620000 	 0.3831286132
2.630000 	 0.3814174235
2.640000 	 0.3805264235
2.650000 	 0.3804720640
2.660000 	 0.3812330961
2.670000 	 0.3828321993
2.680000 	 0.3852609992
2.690000 	 0.3884697556
2.700000 	 0.3924859464
2.710000 	 0.3972689807
2.720000 	 0.4027558267
2.730000 	 0.4089553654
2.740000 	 0.4158105552
2.750000 	 0.4232644737
2.760000 	 0.4312648773
2.770000 	 0.4397608042
2.780000 	 0.4486801922
2.790000 	 0.4579311311
2.800000 	 0.4675063193
2.810000 	 0.4772982597
2.820000 	 0.4871807098
2.830000 	 0.4971846342
2.840000 	 0.5071727037
2.850000 	 0.5170362592
2.860000 	 0.5267649293
2.870000 	 0.5362394452
2.880000 	 0.5453860760
2.890000 	 0.5541272163
2.900000 	 0.5623958111
2.910000 	 0.5700873137
2.920000 	 0.5771911740
2.930000 	 0.5836242437
2.940000 	 0.5892943740
2.950000 	 0.5942111611
2.960000 	 0.5983039737
2.970000 	 0.6015122533
2.980000 	 0.6038377285
2.990000 	 0.6052499413
3.000000 	 0.6057204604
3.010000 	 0.6052481532
3.020000 	 0.6038380861
3.030000 	 0.6014913917
3.040000 	 0.5982266068
3.050000 	 0.5940844417
3.060000 	 0.5890836716
3.070000 	 0.5833148360
3.080000 	 0.5767587423
3.090000 	 0.5694969893
3.100000 	 0.5616045594
3.110000 	 0.5531580448
3.120000 	 0.5442206860
3.130000 	 0.5348843932
3.140000 	 0.5252418518
3.150000 	 0.5153911710
3.160000 	 0.5054197311
3.170000 	 0.4954187572
3.180000 	 0.4855033755
3.190000 	 0.4758165479
3.200000 	 0.4663411975
3.210000 	 0.4572414756
3.220000 	 0.4486052096
3.230000 	 0.4405164123
3.240000 	 0.4330714643
3.250000 	 0.4263390899
3.260000 	 0.4203953445
3.270000 	 0.4153125286
3.280000 	 0.4111352265
3.290000 	 0.4079127014
3.300000 	 0.4056911767
3.310000 	 0.4044880271
3.320000 	 0.4043169916
3.330000 	 0.4051931500
3.340000 	 0.4070996046
3.350000 	 0.4100131094
3.360000 	 0.4139313698
3.370000 	 0.4187944531
3.380000 	 0.4245539904
3.390000 	 0.4311495423
3.400000 	 0.4385103285
3.410000 	 0.4465312064
3.420000 	 0.4551614821
3.430000 	 0.4642856121
3.440000 	 0.4737254083
3.450000 	 0.4835145473
3.460000 	 0.4934709966
3.470000 	 0.5034540892
3.480000 	 0.5133876801
3.490000 	 0.5231335759
3.500000 	 0.5325727463
3.510000 	 0.5415886641
3.520000 	 0.5500773787
3.530000 	 0.5579263568
3.540000 	 0.5650219321
3.550000 	 0.5713151693
3.560000 	 0.5766969919
3.570000 	 0.5810752511
3.580000 	 0.5844625831
3.590000 	 0.5867653489
3.600000 	 0.5879481435
3.610000 	 0.5880173445
3.620000 	 0.5869480968
3.630000 	 0.5847544670
3.640000 	 0.5814662576
3.650000 	 0.5771244764
3.660000 	 0.5717720985
3.670000 	 0.5654888749
3.680000 	 0.5583575368
3.690000 	 0.5505243540
3.700000 	 0.5419721603
3.710000 	 0.5328809023
3.720000 	 0.5233652592
3.730000 	 0.5135518909
3.740000 	 0.5035859346
3.750000 	 0.4935912490
3.760000 	 0.4837107062
3.770000 	 0.4740904868
3.780000 	 0.4648536444
3.790000 	 0.4561377764
3.800000 	 0.4480713308
3.810000 	 0.4407610893
3.820000 	 0.4343694746
3.830000 	 0.4288880825
3.840000 	 0.4244464040
3.850000 	 0.4211105704
3.860000 	 0.4189462364
3.870000 	 0.4179772735
3.880000 	 0.4182215631
3.890000 	 0.4196819365
3.900000 	 0.4223423600
3.910000 	 0.4261485338
3.920000 	 0.4310683310
3.930000 	 0.4370252490
3.940000 	 0.4438619018
3.950000 	 0.4515954852
3.960000 	 0.4600572884
3.970000 	 0.4691016078
3.980000 	 0.4786166251
3.990000 	 0.4884439409
4.000000 	 0.4984260201
4.010000 	 0.5084077716
4.020000 	 0.5182341933
4.030000 	 0.5277426839
4.040000 	 0.5367701054
4.050000 	 0.5451978445
4.060000 	 0.5528725386
4.070000 	 0.5596080422
4.080000 	 0.5654201508
4.090000 	 0.5701419115
4.100000 	 0.5736847520
4.110000 	 0.5760086179
4.120000 	 0.5770564079
4.130000 	 0.5768163204
4.140000 	 0.5752789974
4.150000 	 0.5724763870
4.160000 	 0.5684399009
4.170000 	 0.5632482171
4.180000 	 0.5569894910
4.190000 	 0.5498175621
4.200000 	 0.5417467356
4.210000 	 0.5329734683
4.220000 	 0.5236405730
4.230000 	 0.5139132142
4.240000 	 0.5039691329
4.250000 	 0.4939735830
4.260000 	 0.4841075838
4.270000 	 0.4745537937
4.280000 	 0.4654769599
4.290000 	 0.4570454657
4.300000 	 0.4494155645
4.310000 	 0.4427239597
4.320000 	 0.4371407330
4.330000 	 0.4326804876
4.340000 	 0.4294731021
4.350000 	 0.4275759757
4.360000 	 0.4270461500
4.370000 	 0.4278826416
4.380000 	 0.4300629795
4.390000 	 0.4335696399
4.400000 	 0.4383365214
4.410000 	 0.4442556500
4.420000 	 0.4512419701
4.430000 	 0.4591536522
4.440000 	 0.4677720070
4.450000 	 0.4770562947
4.460000 	 0.4867712557
4.470000 	 0.4967072308
4.480000 	 0.5067004561
4.490000 	 0.5165388584
4.500000 	 0.5260254145
4.510000 	 0.5349711180
4.520000 	 0.5431972742
4.530000 	 0.5505316257
4.540000 	 0.5568185449
4.550000 	 0.5619474053
4.560000 	 0.5657988787
4.570000 	 0.5682733059
4.580000 	 0.5693653822
4.590000 	 0.5690176487
4.600000 	 0.5672312379
4.610000 	 0.5640548468
4.620000 	 0.5595381260
4.630000 	 0.5538082123
4.640000 	 0.5469271541
4.650000 	 0.5390698314
4.660000 	 0.5303909183
4.670000 	 0.5210785866
4.680000 	 0.5113420486
4.690000 	 0.5014382601
4.700000 	 0.4914618731
4.710000 	 0.4816947281
4.720000 	 0.4723470509
4.730000 	 0.4636262953
4.740000 	 0.4557293653
4.750000 	 0.4488270879
4.760000 	 0.4430778027
4.770000 	 0.4386167824
4.780000 	 0.4355400801
4.790000 	 0.4339156449
4.800000 	 0.4337969720
4.810000 	 0.4351819754
4.820000 	 0.4380220175
4.830000 	 0.4422909915
4.840000 	 0.4478751719
4.850000 	 0.4546426535
4.860000 	 0.4624595642
4.870000 	 0.4711323977
4.880000 	 0.4804028869
4.890000 	 0.4901707172
4.900000 	 0.5001527667
4.910000 	 0.5100969076
4.920000 	 0.5197930932
4.930000 	 0.5289968848
4.940000 	 0.5374363065
4.950000 	 0.5450118780
4.960000 	 0.5514866710
4.970000 	 0.5566902757
4.980000 	 0.5605109334
4.990000 	 0.5628456473
5.000000 	 0.5636313558
5.010000 	 0.5628458261
5.020000 	 0.5605101585
5.030000 	 0.5566710234
5.040000 	 0.5514249206
5.050000 	 0.5449073911
5.060000 	 0.5372702479
5.070000 	 0.5287536979
5.080000 	 0.5194886923
5.090000 	 0.5097400546
5.100000 	 0.4997630715
5.110000 	 0.4898151159
5.120000 	 0.4801432788
5.130000 	 0.4710736275
5.140000 	 0.4627000988
5.150000 	 0.4553177953
5.160000 	 0.4491117597
5.170000 	 0.4442558885
5.180000 	 0.4408810139
5.190000 	 0.4390819073
5.200000 	 0.4388873577
5.210000 	 0.4403248429
5.220000 	 0.4433448613
5.230000 	 0.4478893876
5.240000 	 0.4538320601
5.250000 	 0.4610116482
5.260000 	 0.4692361951
5.270000 	 0.4782795906
5.280000 	 0.4879125655
5.290000 	 0.4978405237
5.300000 	 0.5078230500
5.310000 	 0.5175674558
5.320000 	 0.5267590284
5.330000 	 0.5352377892
5.340000 	 0.5427120924
5.350000 	 0.5489639044
5.360000 	 0.5538337231
5.370000 	 0.5571672916
5.380000 	 0.5588568449
5.390000 	 0.5588900447
5.400000 	 0.5572416186
5.410000 	 0.5539444685
5.420000 	 0.5491005778
5.430000 	 0.5428476334
5.440000 	 0.5353946090
5.450000 	 0.5268915296
5.460000 	 0.5176207423
5.470000 	 0.5078445077
5.480000 	 0.4978560507
5.490000 	 0.4879522324
5.500000 	 0.4784214199
5.510000 	 0.4695512652
5.520000 	 0.4616117477
5.530000 	 0.4548346698
5.540000 	 0.4494303465
5.550000 	 0.4455697238
5.560000 	 0.4433657527
5.570000 	 0.4428915083
5.580000 	 0.4441586435
5.590000 	 0.4471349120
5.600000 	 0.4517252743
5.610000 	 0.4578094780
5.620000 	 0.4651884139
5.630000 	 0.4735507071
5.640000 	 0.4828017950
5.650000 	 0.4925766885
5.660000 	 0.5025562048
5.670000 	 0.5124470592
5.680000 	 0.5219287276
5.690000 	 0.5306547284
5.700000 	 0.5384305120
5.710000 	 0.5449640751
5.720000 	 0.5500321388
5.730000 	 0.5534867644
5.740000 	 0.5552062988
5.750000 	 0.5551288128
5.760000 	 0.5532550812
5.770000 	 0.5496462584
5.780000 	 0.5444119573
5.790000 	 0.5377242565
5.800000 	 0.5298083425
5.810000 	 0.5209114552
5.820000 	 0.5113760829
5.830000 	 0.5014438629
5.840000 	 0.4914750159
5.850000 	 0.4818116128
5.860000 	 0.4727807641
5.870000 	 0.4646821618
5.880000 	 0.4578738511
5.890000 	 0.4524213076
5.900000 	 0.4486080408
5.910000 	 0.4465559125
5.920000 	 0.4463500679
5.930000 	 0.4479990304
5.940000 	 0.4514290690
5.950000 	 0.4565493762
5.960000 	 0.4631800056
5.970000 	 0.4710764289
5.980000 	 0.4799825847
5.990000 	 0.4895817935
6.000000 	 0.4995315969
6.010000 	 0.5094809532
6.020000 	 0.5190783739
6.030000 	 0.5279771686
6.040000 	 0.5358510017
6.050000 	 0.5424342155
6.060000 	 0.5474745631
6.070000 	 0.5507768989
6.080000 	 0.5522520542
6.090000 	 0.5518185496
6.100000 	 0.5494908690
6.110000 	 0.5453593135
6.120000 	 0.5395628214
6.130000 	 0.5324045420
6.140000 	 0.5239891410
6.150000 	 0.5146990418
6.160000 	 0.5048742890
6.170000 	 0.4948825538
6.180000 	 0.4851017892
6.190000 	 0.4759263694
6.200000 	 0.4676392972
6.210000 	 0.4605941474
6.220000 	 0.4550512433
6.230000 	 0.4512324929
6.240000 	 0.4492858350
6.250000 	 0.4492851794
6.260000 	 0.4512351155
6.270000 	 0.4550662041
6.280000 	 0.4606297314
6.290000 	 0.4677047729
6.300000 	 0.4760371149
6.310000 	 0.4852899909
6.320000 	 0.4950726330
6.330000 	 0.5050666928
6.340000 	 0.5148428082
6.350000 	 0.5240085721
6.360000 	 0.5322180986
6.370000 	 0.5391283631
6.380000 	 0.5443933010
6.390000 	 0.5479618907
6.400000 	 0.5495993495
6.410000 	 0.5492264032
6.420000 	 0.5468683243
6.430000 	 0.5426140428
6.440000 	 0.5366478562
6.450000 	 0.5291807055
6.460000 	 0.5205308795
6.470000 	 0.5110507607
6.480000 	 0.5011287332
6.490000 	 0.4911765754
6.500000 	 0.4816032946
6.510000 	 0.4728107452
6.520000 	 0.4651683271
6.530000 	 0.4589930177
6.540000 	 0.4545475245
6.550000 	 0.4520247579
6.560000 	 0.4515318871
6.570000 	 0.4530867934
6.580000 	 0.4566347301
6.590000 	 0.4620251060
6.600000 	 0.4690220654
6.610000 	 0.4773463011
6.620000 	 0.4866312146
6.630000 	 0.4963417947
6.640000 	 0.5063239932
6.650000 	 0.5160193443
6.660000 	 0.5249922872
6.670000 	 0.5328705311
6.680000 	 0.5392970443
6.690000 	 0.5439748764
6.700000 	 0.5467256904
6.710000 	 0.5474088192
6.720000 	 0.5459870100
6.730000 	 0.5425251722
6.740000 	 0.5371740460
6.750000 	 0.5301659107
6.760000 	 0.5218158960
6.770000 	 0.5124995112
6.780000 	 0.5026296973
6.790000 	 0.4926562011
6.800000 	 0.4830328524
6.810000 	 0.4741924107
6.820000 	 0.4665614665
6.830000 	 0.4604550600
6.840000 	 0.4561689794
6.850000 	 0.4539028108
6.860000 	 0.4537771940
6.870000 	 0.4557888508
6.880000 	 0.4597948790
6.890000 	 0.4656936824
6.900000 	 0.4731891155
6.910000 	 0.4819210768
6.920000 	 0.4914957583
6.930000 	 0.5014608502
6.940000 	 0.5113145113
6.950000 	 0.5206455588
6.960000 	 0.5289817452
6.970000 	 0.5359168053
6.980000 	 0.5411323309
6.990000 	 0.5443702936
7.000000 	 0.5454665422
7.010000 	 0.5443706512
7.020000 	 0.5411315560
7.030000 	 0.5359002352
7.040000 	 0.5289299488
7.050000 	 0.5205624104
7.060000 	 0.5111983418
7.070000 	 0.5013214946
7.080000 	 0.4913734794
7.090000 	 0.4818617702
7.100000 	 0.4732607007
7.110000 	 0.4660007060
7.120000 	 0.4604374766
7.130000 	 0.4569180310
7.140000 	 0.4554674923
7.150000 	 0.4562555254
7.160000 	 0.4592338502
7.170000 	 0.4642707109
7.180000 	 0.4711081088
7.190000 	 0.4793799818
7.200000 	 0.4887069166
7.210000 	 0.4985990226
7.220000 	 0.5085387826
7.230000 	 0.5180349946
7.240000 	 0.5265932679
7.250000 	 0.5337656736
7.260000 	 0.5391843319
7.270000 	 0.5425636172
7.280000 	 0.5437222719
7.290000 	 0.5425984263
7.300000 	 0.5392547846
7.310000 	 0.5338541865
7.320000 	 0.5267003179
7.330000 	 0.5181351900
7.340000 	 0.5086221099
7.350000 	 0.4986641109
7.360000 	 0.4887940586
7.370000 	 0.4795299470
7.380000 	 0.4715088606
7.390000 	 0.4648728967
7.400000 	 0.4601351619
7.410000 	 0.4575457871
7.420000 	 0.4572546780
7.430000 	 0.4592800438
7.440000 	 0.4635010362
7.450000 	 0.4697109759
7.460000 	 0.4775682390
7.470000 	 0.4866335988
7.480000 	 0.4964277148
7.490000 	 0.5064069629
7.500000 	 0.5160183311
7.510000 	 0.5247304440
7.520000 	 0.5320613980
7.530000 	 0.5375978351
7.540000 	 0.5410251021
7.550000 	 0.5421612263
7.560000 	 0.5409314036
7.570000 	 0.5374104381
7.580000 	 0.5317851305
7.590000 	 0.5243645906
7.600000 	 0.5155767202
7.610000 	 0.5059178472
7.620000 	 0.4959299266
7.630000 	 0.4863532484
7.640000 	 0.4774045646
7.650000 	 0.4697656035
7.660000 	 0.4638736546
7.670000 	 0.4600721300
7.680000 	 0.4585895240
7.690000 	 0.4595015645
7.700000 	 0.4627691507
7.710000 	 0.4682050049
7.720000 	 0.4754832983
7.730000 	 0.4841965437
7.740000 	 0.4938267767
7.750000 	 0.5038087964
7.760000 	 0.5135526657
7.770000 	 0.5224829912
7.780000 	 0.5300665498
7.790000 	 0.5358445048
7.800000 	 0.5394856930
7.810000 	 0.5407583117
7.820000 	 0.5395895243
7.830000 	 0.5360430479
7.840000 	 0.5303270221
7.850000 	 0.5227832198
7.860000 	 0.5138739944
7.870000 	 0.5041300058
7.880000 	 0.4943193793
7.890000 	 0.4847010672
7.900000 	 0.4760351479
7.910000 	 0.4688449204
7.920000 	 0.4635814130
7.930000 	 0.4605719447
7.940000 	 0.4599970579
7.950000 	 0.4619022608
7.960000 	 0.4661740065
7.970000 	 0.4725392163
7.980000 	 0.4806172550
7.990000 	 0.4898984134
8.000000 	 0.4998035133
8.010000 	 0.5097073913
8.020000 	 0.5189885497
8.030000 	 0.5270556808
8.040000 	 0.5333940983
8.050000 	 0.5376107097
8.059999 	 0.5394236445
8.070000 	 0.5387247801
8.080000 	 0.5355474949
8.090000 	 0.5300899148
8.099999 	 0.5227039456
8.110000 	 0.5138688087
8.120000 	 0.5041387081
8.130000 	 0.4943314195
8.139999 	 0.4847342074
8.150000 	 0.4761519134
8.160000 	 0.4691233933
8.170000 	 0.4641335011
8.179999 	 0.4614972472
8.190000 	 0.4613924026
8.200000 	 0.4638351500
8.210000 	 0.4686605334
8.220000 	 0.4755595922
8.230000 	 0.4840648472
8.240000 	 0.4936377704
8.250000 	 0.5036036968
8.260000 	 0.5133166313
8.270000 	 0.5221471190
8.280000 	 0.5294581652
8.290000 	 0.5347883105
8.300000 	 0.5377568603
8.309999 	 0.5381735563
8.320000 	 0.5360038877
8.330000 	 0.5313817859
8.340000 	 0.5246360302
8.349999 	 0.5161965489
8.360000 	 0.5066820383
8.370000 	 0.4966908395
8.380000 	 0.4871315658
8.389999 	 0.4782770276
8.400000 	 0.4709648788
8.410000 	 0.4656484425
8.420000 	 0.4627417624
8.429999 	 0.4624255002
8.440000 	 0.4647261500
8.450000 	 0.4695026577
8.460000 	 0.4763986766
8.470000 	 0.4849641919
8.480000 	 0.4945524931
8.490000 	 0.5045536160
8.500000 	 0.5141800046
8.510000 	 0.5227912664
8.520000 	 0.5298073292
8.530000 	 0.5346610546
8.540000 	 0.5370487571
8.550000 	 0.5367731452
8.559999 	 0.5338579416
8.570000 	 0.5285321474
8.580000 	 0.5211251378
8.590000 	 0.5122282505
8.599999 	 0.5024144650
8.610000 	 0.4924874008
8.620000 	 0.4830653071
8.630000 	 0.4750711024
8.639999 	 0.4687179029
8.650000 	 0.4646986127
8.660000 	 0.4632516205
8.670000 	 0.4645258188
8.679999 	 0.4684213996
8.690000 	 0.4746180475
8.700000 	 0.4827318788
8.710000 	 0.4920775890
8.720000 	 0.5020464063
8.730000 	 0.5118043423
8.740000 	 0.5207234025
8.750000 	 0.5280247331
8.760000 	 0.5332207084
8.770000 	 0.5359429121
8.780000 	 0.5359277129
8.790000 	 0.5331941843
8.800000 	 0.5279613733
8.809999 	 0.5205796957
8.820000 	 0.5116930008
8.830000 	 0.5018585324
8.840000 	 0.4919513464
8.849999 	 0.4826105833
8.860000 	 0.4746796489
8.870000 	 0.4686521590
8.880000 	 0.4651587605
8.889999 	 0.4642425776
8.900000 	 0.4661126435
8.910000 	 0.4706171751
8.920000 	 0.4773859382
8.929999 	 0.4859583974
8.940000 	 0.4955459833
8.950000 	 0.5055569410
8.960000 	 0.5150479078
8.970000 	 0.5234080553
8.980000 	 0.5298504829
8.990000 	 0.5339765549
9.000000 	 0.5353663564
9.010000 	 0.5339637399
9.020000 	 0.5298513770
9.030000 	 0.5233846307
9.040000 	 0.5150086880
9.050000 	 0.5054986477
9.059999 	 0.4954821765
9.070000 	 0.4859323204
9.080000 	 0.4774381518
9.090000 	 0.4708480239
9.099999 	 0.4665679634
9.110000 	 0.4650525451
9.120000 	 0.4663660228
9.130000 	 0.4703730643
9.139999 	 0.4768344760
9.150000 	 0.4851388931
9.160000 	 0.4947174191
9.170000 	 0.5046465993
9.179999 	 0.5142703056
9.190000 	 0.5226069689
9.200000 	 0.5291509032
9.210000 	 0.5332053304
9.220000 	 0.5345309377
9.230000 	 0.5329578519
9.240000 	 0.5286266804
9.250000 	 0.5219318271
9.260000 	 0.5134259462
9.270000 	 0.5037252903
9.280000 	 0.4938055873
9.290000 	 0.4843266308
9.300000 	 0.4762785137
9.309999 	 0.4701671302
9.320000 	 0.4666644633
9.330000 	 0.4659609795
9.340000 	 0.4681808352
9.349999 	 0.4731292129
9.360000 	 0.4803419113
9.370000 	 0.4893007874
9.380000 	 0.4989570677
9.389999 	 0.5089058280
9.400000 	 0.5179741383
9.410000 	 0.5255652070
9.420000 	 0.5308496952
9.429999 	 0.5335071087
9.440000 	 0.5332061052
9.450000 	 0.5300093889
9.460000 	 0.5242089033
9.469999 	 0.5162370801
9.480000 	 0.5069214702
9.490000 	 0.4969113469
9.500000 	 0.4872861505
9.510000 	 0.4787943959
9.520000 	 0.4720944762
9.530000 	 0.4679612815
9.540000 	 0.4666281044
9.550000 	 0.4683050215
9.559999 	 0.4728201330
9.570000 	 0.4797154367
9.580000 	 0.4885070920
9.590000 	 0.4982316792
9.599999 	 0.5082075000
9.610000 	 0.5173267126
9.620000 	 0.5249744654
9.630000 	 0.5301752687
9.639999 	 0.5328044891
9.650000 	 0.5324009657
9.660000 	 0.5290429592
9.670000 	 0.5230603814
9.679999 	 0.5149116516
9.690000 	 0.5054976940
9.700000 	 0.4954670966
9.710000 	 0.4859820604
9.719999 	 0.4776849151
9.730000 	 0.4715678394
9.740000 	 0.4680131674
9.750000 	 0.4674925506
9.760000 	 0.4699629843
9.770000 	 0.4752554595
9.780000 	 0.4828040898
9.790000 	 0.4920371175
9.800000 	 0.5019077063
9.809999 	 0.5117105842
9.820000 	 0.5202643871
9.830000 	 0.5270236135
9.840000 	 0.5311192870
9.849999 	 0.5323203206
9.860000 	 0.5304212570
9.870000 	 0.5256143808
9.880000 	 0.5184903145
9.889999 	 0.5094754100
9.900000 	 0.4996697605
9.910000 	 0.4897807837
9.920000 	 0.4810111821
9.929999 	 0.4739596844
9.940000 	 0.4695367813
9.950000 	 0.4679888487
9.960000 	 0.4695864618
9.969999 	 0.4741395414
9.980000 	 0.4811661839
9.990000 	 0.4901090264
