nu[0] = 0.000000
2	 0.000000 
3	 0.000000 
4	 0.000000 
nu[1] = 0.010000
2	 0.000000 
3	 0.000000 
4	 0.000000 
nu[2] = 0.020000
2	 0.000000 
3	 0.000000 
4	 0.000000 
nu[3] = 0.030000
2	 0.000000 
3	 0.000000 
4	 0.000000 
nu[4] = 0.040000
2	 0.000000 
3	 0.000000 
4	 0.000000 
nu[5] = 0.050000
2	 0.000000 
3	 0.000000 
4	 0.000000 
nu[6] = 0.060000
2	 0.000000 
3	 0.000000 
4	 0.000000 
nu[7] = 0.070000
2	 0.000000 
3	 0.000000 
4	 0.000000 
nu[8] = 0.080000
2	 0.000000 
3	 0.000000 
4	 0.000000 
nu[9] = 0.090000
2	 0.000000 
3	 0.000000 
4	 0.000000 
nu[10] = 0.100000
2	 0.000000 
3	 0.000000 
4	 0.000000 
nu[11] = 0.110000
2	 -2.000000 
3	 0.500000 
4	 -0.153846 
nu[12] = 0.120000
2	 -2.000000 
3	 0.500000 
4	 -0.153846 
nu[13] = 0.130000
2	 -1.000000 
3	 -1.000000 
4	 -0.571429 
nu[14] = 0.140000
2	 -1.000000 
3	 -1.000000 
4	 -0.571429 
nu[15] = 0.150000
2	 -1.000000 
3	 -1.000000 
4	 -0.571429 
nu[16] = 0.160000
2	 2.000000 
3	 -0.666667 
4	 -0.600000 
nu[17] = 0.170000
2	 -inf 
3	 -0.000000 
4	 0.500000 
nu[18] = 0.180000
2	 -1.000000 
3	 -0.500000 
4	 0.333333 
nu[19] = 0.190000
2	 1.000000 
3	 -4.000000 
4	 -1.000000 
nu[20] = 0.200000
2	 1.000000 
3	 1.000000 
4	 -1.500000 
nu[21] = 0.210000
2	 1.500000 
3	 -inf 
4	 0.000000 
nu[22] = 0.220000
2	 0.857143 
3	 -1.166667 
4	 -1.200000 
nu[23] = 0.230000
2	 -10.000000 
3	 -0.100000 
4	 -1.666667 
nu[24] = 0.240000
2	 -8.500000 
3	 -2.000000 
4	 0.333333 
nu[25] = 0.250000
2	 2.285714 
3	 -1.400000 
4	 -1.250000 
nu[26] = 0.260000
2	 10.500000 
3	 0.500000 
4	 2.000000 
nu[27] = 0.270000
2	 10.500000 
3	 0.500000 
4	 2.000000 
nu[28] = 0.280000
2	 4.076225 
3	 3.443750 
4	 2.935780 
nu[29] = 0.290000
2	 2.833333 
3	 -inf 
4	 -0.000000 
nu[30] = 0.300000
2	 3.333333 
3	 -6.000000 
4	 -0.333333 
nu[31] = 0.310000
2	 3.942634 
3	 4.511765 
4	 1.650485 
nu[32] = 0.320000
2	 6.000000 
3	 1.666667 
4	 -inf 
nu[33] = 0.330000
2	 4.047725 
3	 4.870270 
4	 6.379310 
nu[34] = 0.340000
2	 4.047725 
3	 4.870270 
4	 6.379310 
nu[35] = 0.350000
2	 3.972426 
3	 3.476038 
4	 7.634146 
nu[36] = 0.360000
2	 3.500000 
3	 -inf 
4	 -0.000000 
nu[37] = 0.370000
2	 2.950000 
3	 -inf 
4	 -0.000000 
nu[38] = 0.380000
2	 3.631579 
3	 6.333333 
4	 1.000000 
nu[39] = 0.390000
2	 4.315790 
3	 2.111111 
4	 -3.000000 
nu[40] = 0.400000
2	 4.051964 
3	 4.668639 
4	 1.836957 
nu[41] = 0.410000
2	 4.051964 
3	 4.668639 
4	 1.836957 
nu[42] = 0.420000
2	 3.833333 
3	 3.333333 
4	 -1.500000 
nu[43] = 0.430000
2	 4.193548 
3	 2.066667 
4	 7.500000 
nu[44] = 0.440000
2	 3.959280 
3	 4.345679 
4	 34.714287 
nu[45] = 0.450000
2	 4.036331 
3	 3.451411 
4	 2.398496 
nu[46] = 0.460000
2	 3.943521 
3	 3.947541 
4	 -7.820513 
nu[47] = 0.470000
2	 4.053945 
3	 4.388692 
4	 4.639344 
nu[48] = 0.480000
2	 3.988781 
3	 4.951852 
4	 1.928571 
nu[49] = 0.490000
2	 4.101238 
3	 3.566234 
4	 385.000000 
nu[50] = 0.500000
2	 4.101238 
3	 3.566234 
4	 385.000000 
nu[51] = 0.510000
2	 3.900374 
3	 4.614943 
4	 1.722772 
nu[52] = 0.520000
2	 4.008526 
3	 3.297189 
4	 49.799999 
nu[53] = 0.530000
2	 3.941847 
3	 3.763948 
4	 3.530303 
nu[54] = 0.540000
2	 4.048045 
3	 3.977778 
4	 1.510067 
nu[55] = 0.550000
2	 3.994775 
3	 4.984375 
4	 8.727273 
nu[56] = 0.560000
2	 4.072523 
3	 3.423077 
4	 2.803921 
nu[57] = 0.570000
2	 3.994247 
3	 4.172000 
4	 -5.319149 
nu[58] = 0.580000
2	 4.107109 
3	 4.306122 
4	 3.450704 
nu[59] = 0.590000
2	 3.991158 
3	 3.287791 
4	 2.819672 
nu[60] = 0.600000
2	 3.903494 
3	 3.993356 
4	 -7.000000 
nu[61] = 0.610000
2	 4.022333 
3	 4.057047 
4	 2.838095 
nu[62] = 0.620000
2	 3.945925 
3	 4.477193 
4	 1.574586 
nu[63] = 0.630000
2	 4.069876 
3	 3.558011 
4	 -20.111111 
nu[64] = 0.640000
2	 3.989676 
3	 3.964912 
4	 9.000000 
nu[65] = 0.650000
2	 4.094118 
3	 3.908046 
4	 1.539823 
nu[66] = 0.660000
2	 4.029536 
3	 5.078571 
4	 7.368421 
nu[67] = 0.670000
2	 3.908609 
3	 3.793970 
4	 12.437500 
nu[68] = 0.680000
2	 3.992074 
3	 3.639423 
4	 1.650794 
nu[69] = 0.690000
2	 3.965429 
3	 4.704819 
4	 6.384615 
nu[70] = 0.700000
2	 3.976101 
3	 3.340336 
4	 9.153846 
nu[71] = 0.710000
2	 3.968215 
3	 4.569832 
4	 13.769231 
nu[72] = 0.720000
2	 4.096894 
3	 4.086295 
4	 4.282609 
nu[73] = 0.730000
2	 4.058041 
3	 4.262887 
4	 3.730769 
nu[74] = 0.740000
2	 4.020142 
3	 3.925581 
4	 4.886364 
nu[75] = 0.750000
2	 4.013986 
3	 3.900000 
4	 3.928571 
nu[76] = 0.760000
2	 3.972634 
3	 4.004566 
4	 3.711864 
nu[77] = 0.770000
2	 3.917226 
3	 3.921053 
4	 3.677419 
nu[78] = 0.780000
2	 3.927536 
3	 3.833333 
4	 3.774194 
nu[79] = 0.790000
2	 4.002275 
3	 3.460630 
4	 3.628572 
nu[80] = 0.800000
2	 4.079493 
3	 4.931818 
4	 1.571429 
nu[81] = 0.810000
2	 3.979638 
3	 3.507936 
4	 2.800000 
nu[82] = 0.820000
2	 4.062645 
3	 4.842697 
4	 -3.708333 
nu[83] = 0.830000
2	 4.100000 
3	 4.077670 
4	 1.514706 
nu[84] = 0.840000
2	 3.865909 
3	 3.410853 
4	 2.744681 
nu[85] = 0.850000
2	 3.890698 
3	 5.180723 
4	 -4.611111 
nu[86] = 0.860000
2	 4.044776 
3	 3.980198 
4	 1.311688 
nu[87] = 0.870000
2	 4.051282 
3	 3.750000 
4	 1.552239 
nu[88] = 0.880000
2	 3.920103 
3	 4.674699 
4	 -4.611111 
nu[89] = 0.890000
2	 3.983651 
3	 4.123596 
4	 -2.342105 
nu[90] = 0.900000
2	 4.116766 
3	 3.121495 
4	 1.465753 
nu[91] = 0.910000
2	 4.174193 
3	 5.740741 
4	 6.750000 
nu[92] = 0.920000
2	 3.858974 
3	 3.670588 
4	 -2.125000 
nu[93] = 0.930000
2	 3.943366 
3	 3.862500 
4	 -6.956522 
nu[94] = 0.940000
2	 4.144068 
3	 6.210526 
4	 12.666667 
nu[95] = 0.950000
2	 3.787330 
3	 2.986486 
4	 -2.551724 
nu[96] = 0.960000
2	 3.966292 
3	 11.866667 
4	 0.517241 
nu[97] = 0.970000
2	 4.106061 
3	 5.739130 
4	 5.750000 
nu[98] = 0.980000
2	 4.737500 
3	 2.500000 
4	 -1.066667 
nu[99] = 0.990000
2	 3.584906 
3	 26.500000 
4	 0.083333 
nu[100] = 1.000000
2	 3.934260 
3	 4.545977 
4	 1.891304 
nu[101] = 1.010000
2	 3.448276 
3	 -19.333334 
4	 -0.111111 
nu[102] = 1.020000
2	 4.638298 
3	 3.357143 
4	 -1.647059 
nu[103] = 1.030000
2	 4.234177 
3	 4.787879 
4	 2.538461 
nu[104] = 1.040000
2	 3.940678 
3	 9.440000 
4	 0.806452 
nu[105] = 1.050000
2	 3.841935 
3	 3.369565 
4	 -3.172414 
nu[106] = 1.060000
2	 4.057377 
3	 4.815790 
4	 8.444445 
nu[107] = 1.070000
2	 3.942166 
3	 3.729412 
4	 4.250000 
nu[108] = 1.080000
2	 3.966038 
3	 3.785714 
4	 -6.363636 
nu[109] = 1.090000
2	 4.067114 
3	 4.515152 
4	 6.600000 
nu[110] = 1.100000
2	 4.032070 
3	 3.648936 
4	 2.186047 
nu[111] = 1.110000
2	 3.952141 
3	 4.135417 
4	 32.000000 
nu[112] = 1.120000
2	 3.963883 
3	 4.027273 
4	 12.222222 
nu[113] = 1.130000
2	 4.006147 
3	 3.967480 
4	 2.562500 
nu[114] = 1.140000
2	 3.994444 
3	 4.090909 
4	 2.490566 
nu[115] = 1.150000
2	 3.991597 
3	 3.993289 
4	 12.416667 
nu[116] = 1.160000
2	 3.976994 
3	 3.835294 
4	 3.035714 
nu[117] = 1.170000
2	 4.004261 
3	 4.190476 
4	 2.709677 
nu[118] = 1.180000
2	 3.986962 
3	 4.101604 
4	 6.233333 
nu[119] = 1.190000
2	 3.997573 
3	 3.868545 
4	 4.018868 
nu[120] = 1.200000
2	 4.004515 
3	 4.219048 
4	 4.200000 
nu[121] = 1.210000
2	 4.013757 
3	 3.857143 
4	 4.083333 
nu[122] = 1.220000
2	 3.995074 
3	 4.011858 
4	 2.941860 
nu[123] = 1.230000
2	 3.987985 
3	 4.007407 
4	 3.698630 
nu[124] = 1.240000
2	 3.993908 
3	 4.031579 
4	 3.202247 
nu[125] = 1.250000
2	 3.990140 
3	 4.029801 
4	 3.775000 
nu[126] = 1.260000
2	 3.998441 
3	 4.021944 
4	 5.500000 
nu[127] = 1.270000
2	 4.071055 
3	 3.505495 
4	 -8.029411 
nu[128] = 1.280000
2	 4.002110 
3	 3.994382 
4	 6.472727 
nu[129] = 1.290000
2	 3.975366 
3	 4.092643 
4	 3.670000 
nu[130] = 1.300000
2	 4.015434 
3	 3.729017 
4	 3.533898 
nu[131] = 1.310000
2	 3.976249 
3	 4.074442 
4	 3.801887 
nu[132] = 1.320000
2	 4.028419 
3	 4.160099 
4	 3.530435 
nu[133] = 1.330000
2	 3.993789 
3	 3.760085 
4	 5.010638 
nu[134] = 1.340000
2	 3.986450 
3	 4.037199 
4	 7.253968 
nu[135] = 1.350000
2	 4.026970 
3	 4.137856 
4	 2.567416 
nu[136] = 1.360000
2	 4.002542 
3	 3.768199 
4	 2.982857 
nu[137] = 1.370000
2	 3.988703 
3	 3.819887 
4	 4.196850 
nu[138] = 1.380000
2	 4.011026 
3	 4.205645 
4	 3.936508 
nu[139] = 1.390000
2	 4.004192 
3	 4.381633 
4	 5.697674 
nu[140] = 1.400000
2	 3.959101 
3	 3.829604 
4	 10.962264 
nu[141] = 1.410000
2	 4.025905 
3	 4.012545 
4	 2.354430 
nu[142] = 1.420000
2	 4.003908 
3	 4.353497 
4	 2.988701 
nu[143] = 1.430000
2	 3.958702 
3	 3.815113 
4	 4.119205 
nu[144] = 1.440000
2	 4.027848 
3	 3.996627 
4	 4.061644 
nu[145] = 1.450000
2	 3.978671 
3	 4.408680 
4	 7.276316 
nu[146] = 1.460000
2	 4.045792 
3	 3.841522 
4	 6.067307 
nu[147] = 1.470000
2	 4.009315 
3	 3.963082 
4	 2.209220 
nu[148] = 1.480000
2	 3.981215 
3	 4.197987 
4	 2.785047 
nu[149] = 1.490000
2	 4.027711 
3	 3.807339 
4	 2.771186 
nu[150] = 1.500000
2	 3.998407 
3	 4.011182 
4	 4.091503 
nu[151] = 1.510000
2	 3.962831 
3	 4.323077 
4	 8.125000 
nu[152] = 1.520000
2	 4.026549 
3	 3.755287 
4	 8.710526 
nu[153] = 1.530000
2	 4.004434 
3	 4.014563 
4	 -41.200001 
nu[154] = 1.540000
2	 3.934268 
3	 4.339130 
4	 2.395833 
nu[155] = 1.550000
2	 4.032985 
3	 3.491254 
4	 2.679688 
nu[156] = 1.560000
2	 3.966639 
3	 4.010034 
4	 3.737500 
nu[157] = 1.570000
2	 4.086192 
3	 4.356322 
4	 4.176000 
nu[158] = 1.580000
2	 3.997342 
3	 3.430091 
4	 11.963636 
nu[159] = 1.590000
2	 3.959819 
3	 4.005425 
4	 -9.216666 
nu[160] = 1.600000
2	 4.103700 
3	 4.407725 
4	 1.442724 
nu[161] = 1.610000
2	 3.997016 
3	 3.334992 
4	 2.481482 
nu[162] = 1.620000
2	 3.945596 
3	 3.690248 
4	 3.631944 
nu[163] = 1.630000
2	 3.976045 
3	 4.220664 
4	 4.486755 
nu[164] = 1.640000
2	 4.016868 
3	 5.320513 
4	 -10.758620 
nu[165] = 1.650000
2	 3.865104 
3	 3.572398 
4	 -3.877193 
nu[166] = 1.660000
2	 3.987694 
3	 4.179048 
4	 6.081081 
nu[167] = 1.670000
2	 4.005714 
3	 6.550802 
4	 1.005376 
nu[168] = 1.680000
2	 3.803249 
3	 3.430341 
4	 3.670455 
nu[169] = 1.690000
2	 4.095519 
3	 4.136585 
4	 3.596491 
nu[170] = 1.700000
2	 3.868163 
3	 11.688524 
4	 -0.709302 
nu[171] = 1.710000
2	 4.614832 
3	 2.284153 
4	 -1.678899 
nu[172] = 1.720000
2	 4.072519 
3	 3.852941 
4	 0.264591 
nu[173] = 1.730000
2	 2.297297 
3	 -1.156250 
4	 -0.457143 
nu[174] = 1.740000
2	 3.291667 
3	 -18.000000 
4	 0.123711 
nu[175] = 1.750000
2	 4.051885 
3	 3.678807 
4	 4.679671 
nu[176] = 1.760000
2	 4.226772 
3	 2.719486 
4	 1.551495 
nu[177] = 1.770000
2	 3.860074 
3	 5.813456 
4	 0.903315 
nu[178] = 1.780000
2	 4.005076 
3	 4.034130 
4	 0.978297 
nu[179] = 1.790000
2	 4.170548 
3	 3.383030 
4	 -15.277778 
nu[180] = 1.800000
2	 3.945646 
3	 5.190547 
4	 inf 
nu[181] = 1.810000
2	 4.049280 
3	 4.017259 
4	 4.156118 
nu[182] = 1.820000
2	 3.927269 
3	 3.713944 
4	 3.958991 
nu[183] = 1.830000
2	 4.008170 
3	 4.686418 
4	 2.189621 
nu[184] = 1.840000
2	 4.032355 
3	 4.002831 
4	 1.957064 
nu[185] = 1.850000
2	 3.949198 
3	 3.820914 
4	 20.543209 
nu[186] = 1.860000
2	 4.011415 
3	 4.405545 
4	 7.114679 
nu[187] = 1.870000
2	 4.029332 
3	 4.162804 
4	 4.113954 
nu[188] = 1.880000
2	 3.982500 
3	 3.868472 
4	 3.976923 
nu[189] = 1.890000
2	 4.003763 
3	 3.763274 
4	 3.156425 
nu[190] = 1.900000
2	 4.036344 
3	 4.143187 
4	 2.800776 
nu[191] = 1.910000
2	 3.990405 
3	 3.993336 
4	 6.560109 
nu[192] = 1.920000
2	 4.005181 
3	 3.854071 
4	 4.436116 
nu[193] = 1.930000
2	 4.025239 
3	 4.090731 
4	 4.007837 
nu[194] = 1.940000
2	 3.997450 
3	 4.019034 
4	 3.902857 
nu[195] = 1.950000
2	 4.014724 
3	 3.949164 
4	 3.320231 
nu[196] = 1.960000
2	 4.001019 
3	 3.986450 
4	 4.151899 
nu[197] = 1.970000
2	 4.007273 
3	 4.015599 
4	 4.273759 
nu[198] = 1.980000
2	 4.000805 
3	 4.063461 
4	 3.534104 
nu[199] = 1.990000
2	 4.016375 
3	 3.944150 
4	 4.514084 
nu[200] = 2.000000
2	 4.014304 
3	 3.967921 
4	 4.052500 
nu[201] = 2.010000
2	 3.998624 
3	 4.114151 
4	 3.589165 
nu[202] = 2.020000
2	 4.025080 
3	 3.877623 
4	 5.438907 
nu[203] = 2.030000
2	 4.007557 
3	 4.007571 
4	 4.813411 
nu[204] = 2.040000
2	 4.000151 
3	 4.153413 
4	 3.018903 
nu[205] = 2.050000
2	 4.005383 
3	 3.892857 
4	 4.400000 
nu[206] = 2.060000
2	 4.017092 
3	 4.007064 
4	 3.975580 
nu[207] = 2.070000
2	 4.030348 
3	 3.962287 
4	 4.048811 
nu[208] = 2.080000
2	 4.014179 
3	 3.840584 
4	 6.708163 
nu[209] = 2.090000
2	 4.017064 
3	 4.008795 
4	 6.369295 
nu[210] = 2.100000
2	 4.037456 
3	 3.952651 
4	 2.813321 
nu[211] = 2.110000
2	 4.014033 
3	 3.764108 
4	 4.292958 
nu[212] = 2.120000
2	 3.981142 
3	 4.035858 
4	 3.926724 
nu[213] = 2.130000
2	 4.059334 
3	 3.930572 
4	 4.218447 
nu[214] = 2.140000
2	 4.022339 
3	 4.347572 
4	 3.756757 
nu[215] = 2.150000
2	 3.970497 
3	 4.098732 
4	 17.385826 
nu[216] = 2.160000
2	 4.012658 
3	 3.977028 
4	 2.231189 
nu[217] = 2.170000
2	 4.023692 
3	 4.470443 
4	 1.921893 
nu[218] = 2.180000
2	 3.948806 
3	 4.059194 
4	 4.398892 
nu[219] = 2.190000
2	 4.013514 
3	 4.000000 
4	 3.523809 
nu[220] = 2.200000
2	 4.040319 
3	 5.196102 
4	 2.518405 
nu[221] = 2.210000
2	 4.162348 
3	 3.104888 
4	 -4.325991 
nu[222] = 2.220000
2	 4.065449 
3	 3.740038 
4	 0.826019 
nu[223] = 2.230000
2	 3.563298 
3	 -86.099998 
4	 -0.019084 
nu[224] = 2.240000
2	 3.162752 
3	 -5.137931 
4	 -2.974359 
nu[225] = 2.250000
2	 3.977728 
3	 4.026906 
4	 4.129630 
nu[226] = 2.260000
2	 4.151656 
3	 2.984190 
4	 4.728972 
nu[227] = 2.270000
2	 3.899607 
3	 5.013129 
4	 1.228495 
nu[228] = 2.280000
2	 4.018512 
3	 3.904953 
4	 1.778571 
nu[229] = 2.290000
2	 4.055136 
3	 3.598187 
4	 33.099998 
nu[230] = 2.300000
2	 4.020674 
3	 4.493737 
4	 3.214765 
nu[231] = 2.310000
2	 4.006601 
3	 4.008821 
4	 3.836923 
nu[232] = 2.320000
2	 3.980454 
3	 4.026704 
4	 4.136628 
nu[233] = 2.330000
2	 4.014799 
3	 4.243153 
4	 2.598958 
nu[234] = 2.340000
2	 4.011840 
3	 3.996579 
4	 2.875410 
nu[235] = 2.350000
2	 3.994017 
3	 4.031463 
4	 6.151613 
nu[236] = 2.360000
2	 4.014528 
3	 4.161209 
4	 3.832046 
nu[237] = 2.370000
2	 4.040145 
3	 3.967960 
4	 4.088561 
nu[238] = 2.380000
2	 4.000956 
3	 4.038593 
4	 3.925926 
nu[239] = 2.390000
2	 4.019114 
3	 3.914489 
4	 4.281356 
nu[240] = 2.400000
2	 4.027297 
3	 4.022975 
4	 3.414894 
nu[241] = 2.410000
2	 4.023699 
3	 3.969015 
4	 5.183557 
nu[242] = 2.420000
2	 4.027003 
3	 3.896878 
4	 5.409867 
nu[243] = 2.430000
2	 4.026364 
3	 3.986383 
4	 4.524487 
nu[244] = 2.440000
2	 4.026241 
3	 3.994861 
4	 3.529625 
nu[245] = 2.450000
2	 4.025940 
3	 3.988878 
4	 3.631579 
nu[246] = 2.460000
2	 4.010342 
3	 4.140193 
4	 3.134199 
nu[247] = 2.470000
2	 4.022598 
3	 3.918954 
4	 4.058355 
nu[248] = 2.480000
2	 4.042777 
3	 3.869593 
4	 4.247238 
nu[249] = 2.490000
2	 4.007662 
3	 4.024398 
4	 3.764031 
nu[250] = 2.500000
2	 4.028124 
3	 3.994160 
4	 4.043056 
nu[251] = 2.510000
2	 4.042871 
3	 4.006020 
4	 4.311450 
nu[252] = 2.520000
2	 4.006972 
3	 4.173847 
4	 4.021276 
nu[253] = 2.530000
2	 4.026720 
3	 4.184774 
4	 4.527828 
nu[254] = 2.540000
2	 4.045655 
3	 3.843017 
4	 5.827354 
nu[255] = 2.550000
2	 4.011527 
3	 3.943286 
4	 5.920988 
nu[256] = 2.560000
2	 4.022410 
3	 4.015611 
4	 7.750890 
nu[257] = 2.570000
2	 4.042234 
3	 4.073960 
4	 2.582228 
nu[258] = 2.580000
2	 3.992904 
3	 4.220200 
4	 2.572508 
nu[259] = 2.590000
2	 4.024908 
3	 4.416607 
4	 2.658491 
nu[260] = 2.600000
2	 4.060559 
3	 3.679915 
4	 2.947699 
nu[261] = 2.610000
2	 3.970810 
3	 3.803044 
4	 3.200573 
nu[262] = 2.620000
2	 4.025558 
3	 3.849315 
4	 4.015000 
nu[263] = 2.630000
2	 4.074211 
3	 4.328018 
4	 4.346535 
nu[264] = 2.640000
2	 4.657686 
3	 6.712766 
4	 -2.685714 
nu[265] = 2.650000
2	 4.162218 
3	 1.987755 
4	 1.310160 
nu[266] = 2.660000
2	 3.966317 
3	 6.036667 
4	 1.183432 
nu[267] = 2.670000
2	 3.912389 
3	 4.554112 
4	 1.696450 
nu[268] = 2.680000
2	 4.045611 
3	 4.124465 
4	 1.882826 
nu[269] = 2.690000
2	 4.026179 
3	 4.026589 
4	 4.517683 
nu[270] = 2.700000
2	 3.986501 
3	 3.894577 
4	 7.822511 
nu[271] = 2.710000
2	 4.046715 
3	 3.802035 
4	 6.521870 
nu[272] = 2.720000
2	 4.025560 
3	 4.237575 
4	 4.824731 
nu[273] = 2.730000
2	 4.008599 
3	 4.160704 
4	 4.266501 
nu[274] = 2.740000
2	 4.047798 
3	 4.030861 
4	 4.287281 
nu[275] = 2.750000
2	 4.030738 
3	 4.006954 
4	 4.019255 
nu[276] = 2.760000
2	 4.019105 
3	 4.001569 
4	 3.812398 
nu[277] = 2.770000
2	 4.045647 
3	 3.916338 
4	 3.998948 
nu[278] = 2.780000
2	 4.034552 
3	 3.933051 
4	 3.850696 
nu[279] = 2.790000
2	 4.028686 
3	 4.076771 
4	 3.523665 
nu[280] = 2.800000
2	 4.040796 
3	 4.018764 
4	 3.794837 
nu[281] = 2.810000
2	 4.038855 
3	 4.003969 
4	 3.814446 
nu[282] = 2.820000
2	 4.039104 
3	 4.000776 
4	 4.165820 
nu[283] = 2.830000
2	 4.041530 
3	 3.995627 
4	 4.254884 
nu[284] = 2.840000
2	 4.042168 
3	 4.006321 
4	 4.099643 
nu[285] = 2.850000
2	 4.044838 
3	 3.986401 
4	 3.839599 
nu[286] = 2.860000
2	 4.040293 
3	 3.983751 
4	 4.093483 
nu[287] = 2.870000
2	 4.037756 
3	 4.016360 
4	 3.997745 
nu[288] = 2.880000
2	 4.051833 
3	 3.995941 
4	 4.036985 
nu[289] = 2.890000
2	 4.052740 
3	 4.061587 
4	 3.918750 
nu[290] = 2.900000
2	 4.040572 
3	 4.094082 
4	 4.475029 
nu[291] = 2.910000
2	 4.046616 
3	 3.922658 
4	 4.319747 
nu[292] = 2.920000
2	 4.062468 
3	 3.973946 
4	 4.321316 
nu[293] = 2.930000
2	 4.042302 
3	 4.019997 
4	 5.526505 
nu[294] = 2.940000
2	 4.056466 
3	 4.005701 
4	 2.973209 
nu[295] = 2.950000
2	 4.087388 
3	 4.116434 
4	 2.726119 
nu[296] = 2.960000
2	 4.045842 
3	 4.135252 
4	 3.270888 
nu[297] = 2.970000
2	 4.068124 
3	 3.670933 
4	 2.946642 
nu[298] = 2.980000
2	 4.106442 
3	 3.810163 
4	 2.434072 
nu[299] = 2.990000
2	 4.042584 
3	 3.455686 
4	 4.690196 
nu[300] = 3.000000
2	 13.291667 
3	 -6.000000 
4	 -0.333333 
nu[301] = 3.010000
2	 3.928878 
3	 3.428805 
4	 5.008197 
nu[302] = 3.020000
2	 4.055784 
3	 3.781735 
4	 2.511468 
nu[303] = 3.030000
2	 4.030838 
3	 3.689736 
4	 2.949827 
nu[304] = 3.040000
2	 4.023399 
3	 4.108834 
4	 3.288924 
nu[305] = 3.050000
2	 4.069843 
3	 4.110980 
4	 2.797790 
nu[306] = 3.060000
2	 4.041490 
3	 4.019601 
4	 3.075099 
nu[307] = 3.070000
2	 4.039112 
3	 4.032545 
4	 5.180115 
nu[308] = 3.080000
2	 4.060392 
3	 3.970968 
4	 4.283176 
nu[309] = 3.090000
2	 4.048841 
3	 3.939638 
4	 4.256958 
nu[310] = 3.100000
2	 4.049315 
3	 4.075682 
4	 4.325582 
nu[311] = 3.110000
2	 4.060191 
3	 4.051420 
4	 3.886652 
nu[312] = 3.120000
2	 4.042375 
3	 3.986446 
4	 3.711656 
nu[313] = 3.130000
2	 4.055225 
3	 4.022556 
4	 3.975543 
nu[314] = 3.140000
2	 4.055920 
3	 4.000000 
4	 4.093163 
nu[315] = 3.150000
2	 4.062378 
3	 4.002716 
4	 3.939585 
nu[316] = 3.160000
2	 4.064003 
3	 3.992323 
4	 4.272423 
nu[317] = 3.170000
2	 4.065511 
3	 3.983853 
4	 4.417696 
nu[318] = 3.180000
2	 4.063833 
3	 4.000938 
4	 4.376197 
nu[319] = 3.190000
2	 4.066991 
3	 4.017508 
4	 3.602638 
nu[320] = 3.200000
2	 4.072087 
3	 4.022393 
4	 3.609440 
nu[321] = 3.210000
2	 4.061565 
3	 4.103466 
4	 3.399179 
nu[322] = 3.220000
2	 4.070686 
3	 3.921422 
4	 3.937841 
nu[323] = 3.230000
2	 4.084910 
3	 3.914815 
4	 3.988183 
nu[324] = 3.240000
2	 4.059388 
3	 4.012282 
4	 3.870840 
nu[325] = 3.250000
2	 4.077626 
3	 4.018928 
4	 3.979129 
nu[326] = 3.260000
2	 4.064244 
3	 4.010377 
4	 4.033560 
nu[327] = 3.270000
2	 4.058214 
3	 4.251690 
4	 4.176075 
nu[328] = 3.280000
2	 4.087211 
3	 4.370874 
4	 4.513967 
nu[329] = 3.290000
2	 4.142308 
3	 3.639757 
4	 16.234848 
nu[330] = 3.300000
2	 4.038597 
3	 3.905126 
4	 -18.942028 
nu[331] = 3.310000
2	 4.145570 
3	 4.011719 
4	 -1.537538 
nu[332] = 3.320000
2	 3.801134 
3	 3.582064 
4	 -0.758665 
nu[333] = 3.330000
2	 4.136200 
3	 3.391761 
4	 -10.298701 
nu[334] = 3.340000
2	 4.053312 
3	 3.577898 
4	 13.962199 
nu[335] = 3.350000
2	 4.052193 
3	 4.335134 
4	 4.592557 
nu[336] = 3.360000
2	 4.097101 
3	 4.053214 
4	 4.190597 
nu[337] = 3.370000
2	 4.070679 
3	 4.029040 
4	 4.020197 
nu[338] = 3.380000
2	 4.071312 
3	 4.001760 
4	 3.993799 
nu[339] = 3.390000
2	 4.056582 
3	 4.005344 
4	 3.923241 
nu[340] = 3.400000
2	 4.078666 
3	 3.929007 
4	 3.909062 
nu[341] = 3.410000
2	 4.078434 
3	 4.106494 
4	 3.499598 
nu[342] = 3.420000
2	 4.071268 
3	 4.086427 
4	 3.521956 
nu[343] = 3.430000
2	 4.083782 
3	 4.025107 
4	 3.629496 
nu[344] = 3.440000
2	 4.083925 
3	 4.022222 
4	 4.325505 
nu[345] = 3.450000
2	 4.082675 
3	 4.023968 
4	 4.171130 
nu[346] = 3.460000
2	 4.093273 
3	 3.994633 
4	 4.175548 
nu[347] = 3.470000
2	 4.091159 
3	 4.031686 
4	 3.951427 
nu[348] = 3.480000
2	 4.090994 
3	 4.033140 
4	 3.872592 
nu[349] = 3.490000
2	 4.096919 
3	 4.002058 
4	 4.038612 
nu[350] = 3.500000
2	 4.097922 
3	 4.018023 
4	 4.021898 
nu[351] = 3.510000
2	 4.099971 
3	 4.049041 
4	 3.956964 
nu[352] = 3.520000
2	 4.099580 
3	 4.053583 
4	 4.210262 
nu[353] = 3.530000
2	 4.104096 
3	 4.101895 
4	 4.216435 
nu[354] = 3.540000
2	 4.113695 
3	 3.969311 
4	 4.552060 
nu[355] = 3.550000
2	 4.097224 
3	 3.990815 
4	 5.359116 
nu[356] = 3.560000
2	 4.115189 
3	 4.026101 
4	 5.819427 
nu[357] = 3.570000
2	 4.130083 
3	 4.026751 
4	 2.821019 
nu[358] = 3.580000
2	 4.095672 
3	 4.257063 
4	 2.801561 
nu[359] = 3.590000
2	 4.150766 
3	 4.599233 
4	 2.183549 
nu[360] = 3.600000
2	 4.289190 
3	 2.993667 
4	 2.676271 
nu[361] = 3.610000
2	 4.140322 
3	 4.518797 
4	 3.660550 
nu[362] = 3.620000
2	 4.072484 
3	 3.991020 
4	 4.028424 
nu[363] = 3.630000
2	 4.067849 
3	 4.024169 
4	 4.012121 
nu[364] = 3.640000
2	 4.063844 
3	 3.965417 
4	 4.077503 
nu[365] = 3.650000
2	 4.101394 
3	 3.866288 
4	 3.745068 
nu[366] = 3.660000
2	 4.101418 
3	 4.148055 
4	 3.395618 
nu[367] = 3.670000
2	 4.090670 
3	 4.100304 
4	 3.566017 
nu[368] = 3.680000
2	 4.109529 
3	 4.017840 
4	 3.534330 
nu[369] = 3.690000
2	 4.110932 
3	 4.030125 
4	 4.479570 
nu[370] = 3.700000
2	 4.106256 
3	 4.018661 
4	 4.372767 
nu[371] = 3.710000
2	 4.119811 
3	 4.012783 
4	 4.110209 
nu[372] = 3.720000
2	 4.118925 
3	 4.045805 
4	 4.064634 
nu[373] = 3.730000
2	 4.119983 
3	 4.026227 
4	 4.102453 
nu[374] = 3.740000
2	 4.123308 
3	 4.037153 
4	 3.965335 
nu[375] = 3.750000
2	 4.126167 
3	 4.029679 
4	 3.998488 
nu[376] = 3.760000
2	 4.131030 
3	 4.028086 
4	 4.054222 
nu[377] = 3.770000
2	 4.128133 
3	 4.069191 
4	 3.981503 
nu[378] = 3.780000
2	 4.134281 
3	 4.083264 
4	 4.028333 
nu[379] = 3.790000
2	 4.142869 
3	 3.969037 
4	 4.643530 
nu[380] = 3.800000
2	 4.133413 
3	 4.022189 
4	 4.686918 
nu[381] = 3.810000
2	 4.143410 
3	 4.032380 
4	 5.055884 
nu[382] = 3.820000
2	 4.150750 
3	 4.051167 
4	 3.193502 
nu[383] = 3.830000
2	 4.136093 
3	 4.188991 
4	 2.986301 
nu[384] = 3.840000
2	 4.158513 
3	 4.273787 
4	 2.817694 
nu[385] = 3.850000
2	 4.183028 
3	 3.764810 
4	 3.786830 
nu[386] = 3.860000
2	 4.137375 
3	 3.977212 
4	 3.714567 
nu[387] = 3.870000
2	 4.412599 
3	 3.872527 
4	 3.991228 
nu[388] = 3.880000
2	 4.016477 
3	 3.935641 
4	 3.929119 
nu[389] = 3.890000
2	 4.037458 
3	 3.991593 
4	 3.784848 
nu[390] = 3.900000
2	 4.116866 
3	 3.794472 
4	 3.870405 
nu[391] = 3.910000
2	 4.124982 
3	 4.232424 
4	 2.932827 
nu[392] = 3.920000
2	 4.114242 
3	 4.173771 
4	 3.102756 
nu[393] = 3.930000
2	 4.139759 
3	 4.042861 
4	 3.287000 
nu[394] = 3.940000
2	 4.142988 
3	 4.037525 
4	 4.838779 
nu[395] = 3.950000
2	 4.138230 
3	 4.036572 
4	 4.564491 
nu[396] = 3.960000
2	 4.160867 
3	 3.974458 
4	 4.504954 
nu[397] = 3.970000
2	 4.155103 
3	 4.081737 
4	 3.997418 
nu[398] = 3.980000
2	 4.151898 
3	 4.077701 
4	 3.966710 
nu[399] = 3.990000
2	 4.166340 
3	 4.031088 
4	 4.041296 
nu[400] = 4.000000
2	 4.164886 
3	 4.039824 
4	 3.999690 
nu[401] = 4.010000
2	 4.165618 
3	 4.047650 
4	 3.992409 
nu[402] = 4.020000
2	 4.172226 
3	 4.039349 
4	 4.092198 
nu[403] = 4.030000
2	 4.174549 
3	 4.061213 
4	 4.095070 
nu[404] = 4.040000
2	 4.179244 
3	 4.027262 
4	 4.181460 
nu[405] = 4.050000
2	 4.178242 
3	 4.033181 
4	 4.446517 
nu[406] = 4.060000
2	 4.187290 
3	 4.040714 
4	 4.615022 
nu[407] = 4.070000
2	 4.195266 
3	 4.043139 
4	 3.473610 
nu[408] = 4.080000
2	 4.188007 
3	 4.125194 
4	 3.445952 
nu[409] = 4.090000
2	 4.207484 
3	 4.189964 
4	 3.251029 
nu[410] = 4.100000
2	 4.229958 
3	 3.838205 
4	 3.840534 
nu[411] = 4.110000
2	 4.210678 
3	 3.982571 
4	 4.244561 
nu[412] = 4.120000
2	 4.446267 
3	 4.149215 
4	 4.794979 
nu[413] = 4.130000
2	 4.024815 
3	 4.074841 
4	 4.025641 
nu[414] = 4.140000
2	 4.095697 
3	 3.997790 
4	 4.119636 
nu[415] = 4.150000
2	 4.158215 
3	 3.854461 
4	 3.908472 
nu[416] = 4.160000
2	 4.171625 
3	 4.172159 
4	 3.303154 
nu[417] = 4.170000
2	 4.166241 
3	 4.125000 
4	 3.472842 
nu[418] = 4.180000
2	 4.185398 
3	 4.037918 
4	 3.513923 
nu[419] = 4.190000
2	 4.190310 
3	 4.043039 
4	 4.507126 
nu[420] = 4.200000
2	 4.187570 
3	 4.041150 
4	 4.400764 
nu[421] = 4.210000
2	 4.203844 
3	 4.016790 
4	 4.224133 
nu[422] = 4.220000
2	 4.202882 
3	 4.070025 
4	 4.048609 
nu[423] = 4.230000
2	 4.204500 
3	 4.060761 
4	 4.052320 
nu[424] = 4.240000
2	 4.213216 
3	 4.051542 
4	 3.985992 
nu[425] = 4.250000
2	 4.215094 
3	 4.048143 
4	 4.033717 
nu[426] = 4.260000
2	 4.219532 
3	 4.050016 
4	 4.062834 
nu[427] = 4.270000
2	 4.223927 
3	 4.069503 
4	 4.011526 
nu[428] = 4.280000
2	 4.230607 
3	 4.079293 
4	 4.051982 
nu[429] = 4.290000
2	 4.233957 
3	 4.039112 
4	 4.372582 
nu[430] = 4.300000
2	 4.234073 
3	 4.076173 
4	 4.430004 
nu[431] = 4.310000
2	 4.245091 
3	 4.088754 
4	 4.685728 
nu[432] = 4.320000
2	 4.257896 
3	 4.027128 
4	 3.655355 
nu[433] = 4.330000
2	 4.259385 
3	 4.118318 
4	 3.503375 
nu[434] = 4.340000
2	 4.301443 
3	 4.178911 
4	 3.388751 
nu[435] = 4.350000
2	 4.339817 
3	 3.712108 
4	 5.645570 
nu[436] = 4.360000
2	 3.553191 
3	 4.383420 
4	 0.906103 
nu[437] = 4.370000
2	 4.139609 
3	 4.070793 
4	 3.011912 
nu[438] = 4.380000
2	 4.190316 
3	 4.037868 
4	 4.754403 
nu[439] = 4.390000
2	 4.195028 
3	 4.047643 
4	 4.388221 
nu[440] = 4.400000
2	 4.219170 
3	 3.971162 
4	 4.307710 
nu[441] = 4.410000
2	 4.236412 
3	 4.092130 
4	 3.773075 
nu[442] = 4.420000
2	 4.235835 
3	 4.084145 
4	 3.787533 
nu[443] = 4.430000
2	 4.245176 
3	 4.043205 
4	 3.846921 
nu[444] = 4.440000
2	 4.250921 
3	 4.073875 
4	 4.253217 
nu[445] = 4.450000
2	 4.253681 
3	 4.072130 
4	 4.149148 
nu[446] = 4.460000
2	 4.263330 
3	 4.048696 
4	 4.149467 
nu[447] = 4.470000
2	 4.267212 
3	 4.069806 
4	 3.995117 
nu[448] = 4.480000
2	 4.269895 
3	 4.072778 
4	 3.965343 
nu[449] = 4.490000
2	 4.277519 
3	 4.055974 
4	 4.034436 
nu[450] = 4.500000
2	 4.281985 
3	 4.064432 
4	 4.010369 
nu[451] = 4.510000
2	 4.288642 
3	 4.074739 
4	 4.011590 
nu[452] = 4.520000
2	 4.294403 
3	 4.085250 
4	 4.097358 
nu[453] = 4.530000
2	 4.304044 
3	 4.111758 
4	 4.092769 
nu[454] = 4.540000
2	 4.312207 
3	 4.061396 
4	 4.389495 
nu[455] = 4.550000
2	 4.314247 
3	 4.099345 
4	 4.841927 
nu[456] = 4.560000
2	 4.344918 
3	 4.141183 
4	 5.367529 
nu[457] = 4.570000
2	 4.399633 
3	 3.965561 
4	 3.390128 
nu[458] = 4.580000
2	 4.714660 
3	 4.490816 
4	 2.447842 
nu[459] = 4.590000
2	 4.103016 
3	 3.876662 
4	 4.968109 
nu[460] = 4.600000
2	 4.237823 
3	 4.234452 
4	 3.563595 
nu[461] = 4.610000
2	 4.274083 
3	 4.081969 
4	 3.600760 
nu[462] = 4.620000
2	 4.279935 
3	 4.061459 
4	 3.747080 
nu[463] = 4.630000
2	 4.287970 
3	 4.071614 
4	 4.239907 
nu[464] = 4.640000
2	 4.292658 
3	 4.063323 
4	 4.206519 
nu[465] = 4.650000
2	 4.303684 
3	 4.038534 
4	 4.099855 
nu[466] = 4.660000
2	 4.315237 
3	 4.082133 
4	 3.953793 
nu[467] = 4.670000
2	 4.317812 
3	 4.080314 
4	 3.979745 
nu[468] = 4.680000
2	 4.324621 
3	 4.067781 
4	 3.967904 
nu[469] = 4.690000
2	 4.331616 
3	 4.072609 
4	 4.036930 
nu[470] = 4.700000
2	 4.336506 
3	 4.073508 
4	 4.005774 
nu[471] = 4.710000
2	 4.344547 
3	 4.075883 
4	 3.931717 
nu[472] = 4.720000
2	 4.349194 
3	 4.063030 
4	 4.004138 
nu[473] = 4.730000
2	 4.357949 
3	 4.059319 
4	 4.015447 
nu[474] = 4.740000
2	 4.363791 
3	 4.081267 
4	 3.979369 
nu[475] = 4.750000
2	 4.376534 
3	 4.084744 
4	 4.017226 
nu[476] = 4.760000
2	 4.396048 
3	 4.089329 
4	 4.071872 
nu[477] = 4.770000
2	 4.338214 
3	 4.083204 
4	 3.995094 
nu[478] = 4.780000
2	 4.466623 
3	 4.240892 
4	 4.185833 
nu[479] = 4.790000
2	 4.602847 
3	 4.114053 
4	 18.185184 
nu[480] = 4.800000
2	 4.077215 
3	 3.593963 
4	 2.060869 
nu[481] = 4.810000
2	 4.272999 
3	 3.908495 
4	 3.073088 
nu[482] = 4.820000
2	 4.316815 
3	 4.157397 
4	 4.039226 
nu[483] = 4.830000
2	 4.340150 
3	 4.082785 
4	 4.020018 
nu[484] = 4.840000
2	 4.347932 
3	 4.078345 
4	 4.012671 
nu[485] = 4.850000
2	 4.370260 
3	 4.116179 
4	 3.787241 
nu[486] = 4.860000
2	 4.378178 
3	 4.084245 
4	 3.836115 
nu[487] = 4.870000
2	 4.382273 
3	 4.086845 
4	 3.879871 
nu[488] = 4.880000
2	 4.391455 
3	 4.085804 
4	 4.128456 
nu[489] = 4.890000
2	 4.396596 
3	 4.093572 
4	 4.069190 
nu[490] = 4.900000
2	 4.403685 
3	 4.088000 
4	 4.051737 
nu[491] = 4.910000
2	 4.414458 
3	 4.088227 
4	 4.001608 
nu[492] = 4.920000
2	 4.421759 
3	 4.096509 
4	 3.985956 
nu[493] = 4.930000
2	 4.428713 
3	 4.104049 
4	 4.023110 
nu[494] = 4.940000
2	 4.439677 
3	 4.078844 
4	 3.873089 
nu[495] = 4.950000
2	 4.453870 
3	 4.077598 
4	 3.812390 
nu[496] = 4.960000
2	 4.465137 
3	 4.088083 
4	 3.821123 
nu[497] = 4.970000
2	 4.476658 
3	 4.050875 
4	 3.939342 
nu[498] = 4.980000
2	 4.513122 
3	 4.046955 
4	 3.872687 
nu[499] = 4.990000
2	 4.585396 
3	 4.074407 
4	 4.092999 
nu[500] = 5.000000
2	 24.230770 
3	 10.500000 
4	 -1.733333 
nu[501] = 5.010000
2	 4.263700 
3	 4.038414 
4	 4.084008 
nu[502] = 5.020000
2	 4.368861 
3	 4.018211 
4	 3.895753 
nu[503] = 5.030000
2	 4.397324 
3	 4.039114 
4	 3.963407 
nu[504] = 5.040000
2	 4.427969 
3	 4.080592 
4	 3.816261 
nu[505] = 5.050000
2	 4.444503 
3	 4.069650 
4	 3.805595 
nu[506] = 5.060000
2	 4.451855 
3	 4.076016 
4	 3.880629 
nu[507] = 5.070000
2	 4.462657 
3	 4.122623 
4	 4.010063 
nu[508] = 5.080000
2	 4.471328 
3	 4.105461 
4	 3.999053 
nu[509] = 5.090000
2	 4.479230 
3	 4.107034 
4	 4.025407 
nu[510] = 5.100000
2	 4.491610 
3	 4.109221 
4	 4.039080 
nu[511] = 5.110000
2	 4.499237 
3	 4.106359 
4	 4.069466 
nu[512] = 5.120000
2	 4.508996 
3	 4.106626 
4	 4.135070 
nu[513] = 5.130000
2	 4.520329 
3	 4.112409 
4	 3.887363 
nu[514] = 5.140000
2	 4.534124 
3	 4.118532 
4	 3.839131 
nu[515] = 5.150000
2	 4.548327 
3	 4.139327 
4	 3.769524 
nu[516] = 5.160000
2	 4.559167 
3	 4.128448 
4	 3.878955 
nu[517] = 5.170000
2	 4.588601 
3	 4.149418 
4	 3.852174 
nu[518] = 5.180000
2	 4.638949 
3	 4.253430 
4	 3.715921 
nu[519] = 5.190000
2	 4.841759 
3	 3.833387 
4	 2.797285 
nu[520] = 5.200000
2	 3.986691 
3	 4.627302 
4	 21.000000 
nu[521] = 5.210000
2	 4.398836 
3	 4.146640 
4	 5.120724 
nu[522] = 5.220000
2	 4.482655 
3	 4.169126 
4	 4.058757 
nu[523] = 5.230000
2	 4.504135 
3	 4.152513 
4	 4.029729 
nu[524] = 5.240000
2	 4.525517 
3	 4.112699 
4	 4.046445 
nu[525] = 5.250000
2	 4.537134 
3	 4.116096 
4	 4.023573 
nu[526] = 5.260000
2	 4.547545 
3	 4.122209 
4	 4.013092 
nu[527] = 5.270000
2	 4.561066 
3	 4.107851 
4	 4.039627 
nu[528] = 5.280000
2	 4.571122 
3	 4.115839 
4	 4.043873 
nu[529] = 5.290000
2	 4.585428 
3	 4.121848 
4	 3.993889 
nu[530] = 5.300000
2	 4.596008 
3	 4.120666 
4	 4.051785 
nu[531] = 5.310000
2	 4.607614 
3	 4.132220 
4	 4.076609 
nu[532] = 5.320000
2	 4.621637 
3	 4.120088 
4	 4.063059 
nu[533] = 5.330000
2	 4.634424 
3	 4.121525 
4	 4.123310 
nu[534] = 5.340000
2	 4.653914 
3	 4.125965 
4	 4.167918 
nu[535] = 5.350000
2	 4.670333 
3	 4.109111 
4	 4.350422 
nu[536] = 5.360000
2	 4.699941 
3	 4.129591 
4	 4.664387 
nu[537] = 5.370000
2	 4.767179 
3	 4.157634 
4	 5.257246 
nu[538] = 5.380000
2	 5.065582 
3	 4.187353 
4	 2.363365 
nu[539] = 5.390000
2	 4.143999 
3	 4.010562 
4	 17.103226 
nu[540] = 5.400000
2	 4.483695 
3	 4.041384 
4	 5.135357 
nu[541] = 5.410000
2	 4.579762 
3	 4.094301 
4	 4.339245 
nu[542] = 5.420000
2	 4.606119 
3	 4.103545 
4	 4.249531 
nu[543] = 5.430000
2	 4.626506 
3	 4.094523 
4	 4.147328 
nu[544] = 5.440000
2	 4.644682 
3	 4.164840 
4	 4.139616 
nu[545] = 5.450000
2	 4.658297 
3	 4.158012 
4	 4.119279 
nu[546] = 5.460000
2	 4.672955 
3	 4.149305 
4	 4.064454 
nu[547] = 5.470000
2	 4.689926 
3	 4.143862 
4	 4.031399 
nu[548] = 5.480000
2	 4.703035 
3	 4.141738 
4	 4.043773 
nu[549] = 5.490000
2	 4.715688 
3	 4.145157 
4	 4.020805 
nu[550] = 5.500000
2	 4.730754 
3	 4.148189 
4	 4.037051 
nu[551] = 5.510000
2	 4.748316 
3	 4.152419 
4	 4.050924 
nu[552] = 5.520000
2	 4.766824 
3	 4.169477 
4	 4.037975 
nu[553] = 5.530000
2	 4.794564 
3	 4.181592 
4	 4.069066 
nu[554] = 5.540000
2	 4.821179 
3	 4.188397 
4	 4.341820 
nu[555] = 5.550000
2	 4.878319 
3	 4.267467 
4	 4.498487 
nu[556] = 5.560000
2	 5.078464 
3	 4.458371 
4	 5.627204 
nu[557] = 5.570000
2	 3.528137 
3	 5.074862 
4	 1.893263 
nu[558] = 5.580000
2	 4.544377 
3	 4.223900 
4	 3.461973 
nu[559] = 5.590000
2	 4.648966 
3	 4.191514 
4	 3.673441 
nu[560] = 5.600000
2	 4.717011 
3	 4.175333 
4	 3.636668 
nu[561] = 5.610000
2	 4.741686 
3	 4.150048 
4	 3.758014 
nu[562] = 5.620000
2	 4.760952 
3	 4.157089 
4	 3.810624 
nu[563] = 5.630000
2	 4.781053 
3	 4.158275 
4	 4.213191 
nu[564] = 5.640000
2	 4.797553 
3	 4.163133 
4	 4.152409 
nu[565] = 5.650000
2	 4.812181 
3	 4.161361 
4	 4.112332 
nu[566] = 5.660000
2	 4.833868 
3	 4.159267 
4	 4.049361 
nu[567] = 5.670000
2	 4.850499 
3	 4.168961 
4	 4.010106 
nu[568] = 5.680000
2	 4.866442 
3	 4.177598 
4	 4.002519 
nu[569] = 5.690000
2	 4.888331 
3	 4.158665 
4	 3.961005 
nu[570] = 5.700000
2	 4.914514 
3	 4.157987 
4	 3.930041 
nu[571] = 5.710000
2	 4.946281 
3	 4.156963 
4	 3.936764 
nu[572] = 5.720000
2	 4.985157 
3	 4.153531 
4	 3.973133 
nu[573] = 5.730000
2	 5.080966 
3	 4.156816 
4	 3.925774 
nu[574] = 5.740000
2	 5.532529 
3	 4.197714 
4	 4.069139 
nu[575] = 5.750000
2	 4.320419 
3	 4.112021 
4	 4.048128 
nu[576] = 5.760000
2	 4.705943 
3	 4.143667 
4	 4.057693 
nu[577] = 5.770000
2	 4.796947 
3	 4.143502 
4	 4.002287 
nu[578] = 5.780000
2	 4.843668 
3	 4.155084 
4	 4.009480 
nu[579] = 5.790000
2	 4.886737 
3	 4.151362 
4	 3.974796 
nu[580] = 5.800000
2	 4.910510 
3	 4.155144 
4	 3.980085 
nu[581] = 5.810000
2	 4.931427 
3	 4.164408 
4	 4.005698 
nu[582] = 5.820000
2	 4.953257 
3	 4.199358 
4	 3.998676 
nu[583] = 5.830000
2	 4.971586 
3	 4.191949 
4	 4.022607 
nu[584] = 5.840000
2	 4.993304 
3	 4.192155 
4	 4.058430 
nu[585] = 5.850000
2	 5.017585 
3	 4.187640 
4	 4.116765 
nu[586] = 5.860000
2	 5.039343 
3	 4.191783 
4	 4.183698 
nu[587] = 5.870000
2	 5.069220 
3	 4.196075 
4	 4.276923 
nu[588] = 5.880000
2	 5.106713 
3	 4.205062 
4	 3.755147 
nu[589] = 5.890000
2	 5.164235 
3	 4.214592 
4	 3.632221 
nu[590] = 5.900000
2	 5.272789 
3	 4.261394 
4	 3.378566 
nu[591] = 5.910000
2	 5.608569 
3	 4.424859 
4	 2.935791 
nu[592] = 5.920000
2	 4.109825 
3	 3.830327 
4	 8.387179 
nu[593] = 5.930000
2	 4.806441 
3	 4.053230 
4	 4.749312 
nu[594] = 5.940000
2	 4.933761 
3	 4.266204 
4	 4.274209 
nu[595] = 5.950000
2	 4.992493 
3	 4.248711 
4	 4.171331 
nu[596] = 5.960000
2	 5.032215 
3	 4.225247 
4	 4.152144 
nu[597] = 5.970000
2	 5.073623 
3	 4.211741 
4	 4.040881 
nu[598] = 5.980000
2	 5.099775 
3	 4.213130 
4	 4.033671 
nu[599] = 5.990000
2	 5.123673 
3	 4.206974 
4	 4.051295 
nu[600] = 6.000000
2	 5.148839 
3	 4.211917 
4	 4.054545 
nu[601] = 6.010000
2	 5.174917 
3	 4.218943 
4	 4.046732 
nu[602] = 6.020000
2	 5.202033 
3	 4.220412 
4	 4.075910 
nu[603] = 6.030000
2	 5.234540 
3	 4.230333 
4	 4.079047 
nu[604] = 6.040000
2	 5.270751 
3	 4.238757 
4	 4.114034 
nu[605] = 6.050000
2	 5.317844 
3	 4.258978 
4	 4.194790 
nu[606] = 6.060000
2	 5.398160 
3	 4.295119 
4	 4.264998 
nu[607] = 6.070000
2	 5.573091 
3	 4.140314 
4	 4.745295 
nu[608] = 6.080000
2	 6.848396 
3	 3.992666 
4	 16.882540 
nu[609] = 6.090000
2	 4.589120 
3	 4.314461 
4	 3.057369 
nu[610] = 6.100000
2	 5.019944 
3	 4.239293 
4	 3.473377 
nu[611] = 6.110000
2	 5.126313 
3	 4.218418 
4	 3.652769 
nu[612] = 6.120000
2	 5.187706 
3	 4.220735 
4	 3.779815 
nu[613] = 6.130000
2	 5.233306 
3	 4.229131 
4	 4.266421 
nu[614] = 6.140000
2	 5.270360 
3	 4.231990 
4	 4.212838 
nu[615] = 6.150000
2	 5.301362 
3	 4.231790 
4	 4.138214 
nu[616] = 6.160000
2	 5.340019 
3	 4.228619 
4	 4.091220 
nu[617] = 6.170000
2	 5.371882 
3	 4.236768 
4	 4.066015 
nu[618] = 6.180000
2	 5.402735 
3	 4.246852 
4	 4.026968 
nu[619] = 6.190000
2	 5.441875 
3	 4.236699 
4	 4.001401 
nu[620] = 6.200000
2	 5.487326 
3	 4.234469 
4	 3.993552 
nu[621] = 6.210000
2	 5.543562 
3	 4.238292 
4	 3.957852 
nu[622] = 6.220000
2	 5.620710 
3	 4.238947 
4	 4.042387 
nu[623] = 6.230000
2	 5.789793 
3	 4.238810 
4	 4.055292 
nu[624] = 6.240000
2	 6.518289 
3	 4.333944 
4	 3.959710 
nu[625] = 6.250000
2	 4.322612 
3	 4.167178 
4	 4.072500 
nu[626] = 6.260000
2	 5.109409 
3	 4.226739 
4	 4.030759 
nu[627] = 6.270000
2	 5.283147 
3	 4.221993 
4	 4.060976 
nu[628] = 6.280000
2	 5.370555 
3	 4.238183 
4	 4.057751 
nu[629] = 6.290000
2	 5.443142 
3	 4.231462 
4	 3.992409 
nu[630] = 6.300000
2	 5.488443 
3	 4.233094 
4	 4.030818 
nu[631] = 6.310000
2	 5.530750 
3	 4.245434 
4	 4.041061 
nu[632] = 6.320000
2	 5.573071 
3	 4.276634 
4	 4.015689 
nu[633] = 6.330000
2	 5.610924 
3	 4.274595 
4	 4.055133 
nu[634] = 6.340000
2	 5.655638 
3	 4.276625 
4	 4.089316 
nu[635] = 6.350000
2	 5.706402 
3	 4.269596 
4	 4.144844 
nu[636] = 6.360000
2	 5.760190 
3	 4.277853 
4	 4.234994 
nu[637] = 6.370000
2	 5.836745 
3	 4.287446 
4	 4.343808 
nu[638] = 6.380000
2	 5.957731 
3	 4.296992 
4	 3.681822 
nu[639] = 6.390000
2	 6.220119 
3	 4.324411 
4	 3.382524 
nu[640] = 6.400000
2	 7.939256 
3	 4.600092 
4	 2.194126 
nu[641] = 6.410000
2	 4.719017 
3	 4.076652 
4	 5.823574 
nu[642] = 6.420000
2	 5.351998 
3	 4.192335 
4	 4.668107 
nu[643] = 6.430000
2	 5.529561 
3	 4.218282 
4	 4.381955 
nu[644] = 6.440000
2	 5.631824 
3	 4.318677 
4	 4.127915 
nu[645] = 6.450000
2	 5.703096 
3	 4.313180 
4	 4.110197 
nu[646] = 6.460000
2	 5.760950 
3	 4.308042 
4	 4.080107 
nu[647] = 6.470000
2	 5.822217 
3	 4.293968 
4	 4.062285 
nu[648] = 6.480000
2	 5.874437 
3	 4.296057 
4	 4.070125 
nu[649] = 6.490000
2	 5.925468 
3	 4.301646 
4	 4.059753 
nu[650] = 6.500000
2	 5.984477 
3	 4.306360 
4	 4.067321 
nu[651] = 6.510000
2	 6.053472 
3	 4.312175 
4	 4.083884 
nu[652] = 6.520000
2	 6.136501 
3	 4.326933 
4	 4.076939 
nu[653] = 6.530000
2	 6.261650 
3	 4.341461 
4	 4.092409 
nu[654] = 6.540000
2	 6.472048 
3	 4.385744 
4	 4.249894 
nu[655] = 6.550000
2	 7.174553 
3	 4.559784 
4	 4.511924 
nu[656] = 6.560000
2	 2.307794 
3	 3.659851 
4	 3.162587 
nu[657] = 6.570000
2	 5.340159 
3	 4.402920 
4	 3.475940 
nu[658] = 6.580000
2	 5.694973 
3	 4.352457 
4	 3.726303 
nu[659] = 6.590000
2	 5.856437 
3	 4.344753 
4	 3.830312 
nu[660] = 6.600000
2	 5.976710 
3	 4.321054 
4	 3.861446 
nu[661] = 6.610000
2	 6.053974 
3	 4.319638 
4	 3.929754 
nu[662] = 6.620000
2	 6.126038 
3	 4.326320 
4	 3.977178 
nu[663] = 6.630000
2	 6.196947 
3	 4.330785 
4	 4.122776 
nu[664] = 6.640000
2	 6.267625 
3	 4.337191 
4	 4.080506 
nu[665] = 6.650000
2	 6.340245 
3	 4.344334 
4	 4.042757 
nu[666] = 6.660000
2	 6.429016 
3	 4.346341 
4	 4.004149 
nu[667] = 6.670000
2	 6.537210 
3	 4.362607 
4	 3.944527 
nu[668] = 6.680000
2	 6.687008 
3	 4.389238 
4	 3.893588 
nu[669] = 6.690000
2	 6.960883 
3	 4.311094 
4	 3.942300 
nu[670] = 6.700000
2	 7.794934 
3	 4.273590 
4	 3.784438 
nu[671] = 6.710000
2	 -0.758379 
3	 4.687714 
4	 5.506739 
nu[672] = 6.720000
2	 5.445690 
3	 4.337750 
4	 4.123614 
nu[673] = 6.730000
2	 5.955386 
3	 4.343344 
4	 4.103764 
nu[674] = 6.740000
2	 6.172216 
3	 4.344118 
4	 4.077003 
nu[675] = 6.750000
2	 6.313201 
3	 4.350196 
4	 4.079149 
nu[676] = 6.760000
2	 6.423882 
3	 4.355669 
4	 4.087332 
nu[677] = 6.770000
2	 6.518095 
3	 4.361027 
4	 4.080604 
nu[678] = 6.780000
2	 6.612156 
3	 4.369516 
4	 4.087244 
nu[679] = 6.790000
2	 6.712376 
3	 4.365371 
4	 4.101110 
nu[680] = 6.800000
2	 6.812298 
3	 4.377678 
4	 4.112609 
nu[681] = 6.810000
2	 6.933132 
3	 4.393356 
4	 4.130976 
nu[682] = 6.820000
2	 7.089858 
3	 4.368399 
4	 4.230434 
nu[683] = 6.830000
2	 7.318746 
3	 4.371705 
4	 4.341872 
nu[684] = 6.840000
2	 7.778797 
3	 4.368085 
4	 4.603165 
nu[685] = 6.850000
2	 9.537971 
3	 4.417939 
4	 6.846473 
nu[686] = 6.860000
2	 3.060402 
3	 4.279438 
4	 2.597890 
nu[687] = 6.870000
2	 5.804492 
3	 4.354723 
4	 3.485582 
nu[688] = 6.880000
2	 6.334580 
3	 4.370934 
4	 4.537728 
nu[689] = 6.890000
2	 6.594065 
3	 4.383429 
4	 4.361268 
nu[690] = 6.900000
2	 6.767627 
3	 4.385868 
4	 4.279244 
nu[691] = 6.910000
2	 6.922465 
3	 4.376087 
4	 4.197803 
nu[692] = 6.920000
2	 7.051833 
3	 4.388039 
4	 4.153166 
nu[693] = 6.930000
2	 7.175145 
3	 4.398407 
4	 4.123058 
nu[694] = 6.940000
2	 7.311310 
3	 4.413556 
4	 4.069735 
nu[695] = 6.950000
2	 7.464962 
3	 4.415550 
4	 4.060601 
nu[696] = 6.960000
2	 7.649917 
3	 4.416278 
4	 4.065929 
nu[697] = 6.970000
2	 7.908041 
3	 4.420100 
4	 4.070117 
nu[698] = 6.980000
2	 8.350779 
3	 4.436051 
4	 4.055050 
nu[699] = 6.990000
2	 9.512102 
3	 4.468069 
4	 4.101850 
nu[700] = 7.000000
2	 149.319244 
3	 26.876543 
4	 5.400000 
nu[701] = 7.010000
2	 5.211270 
3	 4.361882 
4	 4.097452 
nu[702] = 7.020000
2	 6.436155 
3	 4.396710 
4	 4.068242 
nu[703] = 7.030000
2	 6.903031 
3	 4.412151 
4	 4.083840 
nu[704] = 7.040000
2	 7.199494 
3	 4.399366 
4	 4.080337 
nu[705] = 7.050000
2	 7.410666 
3	 4.412494 
4	 4.081951 
nu[706] = 7.060000
2	 7.597912 
3	 4.425632 
4	 4.100040 
nu[707] = 7.070000
2	 7.780114 
3	 4.454732 
4	 4.060925 
nu[708] = 7.080000
2	 7.963311 
3	 4.456510 
4	 4.093203 
nu[709] = 7.090000
2	 8.174366 
3	 4.459035 
4	 4.143111 
nu[710] = 7.100000
2	 8.431784 
3	 4.457964 
4	 4.221088 
nu[711] = 7.110000
2	 8.774971 
3	 4.469944 
4	 4.315001 
nu[712] = 7.120000
2	 9.352816 
3	 4.484499 
4	 4.504023 
nu[713] = 7.130000
2	 10.747416 
3	 4.518017 
4	 3.477810 
nu[714] = 7.140000
2	 28.510355 
3	 4.921496 
4	 1.648374 
nu[715] = 7.150000
2	 4.350473 
3	 4.367034 
4	 5.465360 
nu[716] = 7.160000
2	 6.573425 
3	 4.389188 
4	 4.543681 
nu[717] = 7.170000
2	 7.307263 
3	 4.421834 
4	 4.368108 
nu[718] = 7.180000
2	 7.728792 
3	 4.437060 
4	 4.283903 
nu[719] = 7.190000
2	 8.048285 
3	 4.497699 
4	 4.112940 
nu[720] = 7.200000
2	 8.322952 
3	 4.498919 
4	 4.103912 
nu[721] = 7.210000
2	 8.583216 
3	 4.499033 
4	 4.108039 
nu[722] = 7.220000
2	 8.864092 
3	 4.492115 
4	 4.093869 
nu[723] = 7.230000
2	 9.174665 
3	 4.499375 
4	 4.094330 
nu[724] = 7.240000
2	 9.553781 
3	 4.507900 
4	 4.106052 
nu[725] = 7.250000
2	 10.094161 
3	 4.521090 
4	 4.109915 
nu[726] = 7.260000
2	 11.027273 
3	 4.541073 
4	 4.119042 
nu[727] = 7.270000
2	 13.485181 
3	 4.594718 
4	 4.171171 
nu[728] = 7.280000
2	 191.859100 
3	 18.095041 
4	 -2.469388 
nu[729] = 7.290000
2	 4.176779 
3	 4.355996 
4	 4.008265 
nu[730] = 7.300000
2	 6.851890 
3	 4.435657 
4	 4.038199 
nu[731] = 7.310000
2	 7.848761 
3	 4.467689 
4	 4.082384 
nu[732] = 7.320000
2	 8.453501 
3	 4.542653 
4	 3.960588 
nu[733] = 7.330000
2	 8.907762 
3	 4.542052 
4	 4.001396 
nu[734] = 7.340000
2	 9.313664 
3	 4.545155 
4	 4.048942 
nu[735] = 7.350000
2	 9.722319 
3	 4.535261 
4	 4.090900 
nu[736] = 7.360000
2	 10.143267 
3	 4.543059 
4	 4.134883 
nu[737] = 7.370000
2	 10.644385 
3	 4.552182 
4	 4.192780 
nu[738] = 7.380000
2	 11.297056 
3	 4.564195 
4	 3.981557 
nu[739] = 7.390000
2	 12.285588 
3	 4.578903 
4	 3.899685 
nu[740] = 7.400000
2	 14.220220 
3	 4.612667 
4	 3.735439 
nu[741] = 7.410000
2	 21.482841 
3	 4.793540 
4	 3.273025 
nu[742] = 7.420000
2	 -10.503403 
3	 4.165573 
4	 6.970249 
nu[743] = 7.430000
2	 4.884265 
3	 4.436076 
4	 4.676850 
nu[744] = 7.440000
2	 7.454519 
3	 4.591976 
4	 4.166698 
nu[745] = 7.450000
2	 8.666406 
3	 4.591516 
4	 4.138999 
nu[746] = 7.460000
2	 9.476216 
3	 4.589532 
4	 4.137322 
nu[747] = 7.470000
2	 10.150512 
3	 4.575214 
4	 4.114789 
nu[748] = 7.480000
2	 10.766658 
3	 4.583470 
4	 4.115901 
nu[749] = 7.490000
2	 11.397944 
3	 4.590192 
4	 4.123311 
nu[750] = 7.500000
2	 12.120047 
3	 4.600737 
4	 4.127081 
nu[751] = 7.510000
2	 13.026410 
3	 4.614048 
4	 4.125959 
nu[752] = 7.520000
2	 14.317370 
3	 4.629139 
4	 4.145901 
nu[753] = 7.530000
2	 16.610561 
3	 4.654835 
4	 4.158455 
nu[754] = 7.540000
2	 22.814678 
3	 4.755600 
4	 4.239496 
nu[755] = 7.550000
2	 2892.730957 
3	 -0.593294 
4	 1.979798 
nu[756] = 7.560000
2	 -0.276639 
3	 4.446611 
4	 4.023167 
nu[757] = 7.570000
2	 6.069894 
3	 4.640472 
4	 3.825171 
nu[758] = 7.580000
2	 8.454200 
3	 4.636266 
4	 3.922505 
nu[759] = 7.590000
2	 9.893362 
3	 4.640641 
4	 3.989886 
nu[760] = 7.600000
2	 11.012826 
3	 4.626832 
4	 4.034736 
nu[761] = 7.610000
2	 11.994106 
3	 4.634501 
4	 4.076297 
nu[762] = 7.620000
2	 12.990902 
3	 4.643608 
4	 4.125981 
nu[763] = 7.630000
2	 14.106746 
3	 4.655382 
4	 4.098336 
nu[764] = 7.640000
2	 15.490876 
3	 4.666931 
4	 4.054670 
nu[765] = 7.650000
2	 17.435005 
3	 4.685398 
4	 3.989603 
nu[766] = 7.660000
2	 20.781006 
3	 4.715538 
4	 3.921174 
nu[767] = 7.670000
2	 29.242117 
3	 4.795769 
4	 3.695144 
nu[768] = 7.680000
2	 155.130753 
3	 6.408074 
4	 1.712246 
nu[769] = 7.690000
2	 -9.270702 
3	 4.697440 
4	 4.264404 
nu[770] = 7.700000
2	 3.306369 
3	 4.693121 
4	 4.177802 
nu[771] = 7.710000
2	 7.541051 
3	 4.691226 
4	 4.162252 
nu[772] = 7.720000
2	 9.982609 
3	 4.672966 
4	 4.134290 
nu[773] = 7.730000
2	 11.789736 
3	 4.683539 
4	 4.133165 
nu[774] = 7.740000
2	 13.379915 
3	 4.691251 
4	 4.143332 
nu[775] = 7.750000
2	 14.980666 
3	 4.703059 
4	 4.142675 
nu[776] = 7.760000
2	 16.777872 
3	 4.715112 
4	 4.146050 
nu[777] = 7.770000
2	 19.025316 
3	 4.728878 
4	 4.159938 
nu[778] = 7.780000
2	 22.280724 
3	 4.747466 
4	 4.167450 
nu[779] = 7.790000
2	 28.037447 
3	 4.780970 
4	 4.196019 
nu[780] = 7.800000
2	 43.492386 
3	 4.877432 
4	 4.288436 
nu[781] = 7.810000
2	 684.389832 
3	 21.910715 
4	 -2.458537 
nu[782] = 7.820000
2	 -18.606136 
3	 4.744210 
4	 3.596459 
nu[783] = 7.830000
2	 -0.737027 
3	 4.741354 
4	 3.845952 
nu[784] = 7.840000
2	 5.675469 
3	 4.750100 
4	 3.954258 
nu[785] = 7.850000
2	 9.446826 
3	 4.734339 
4	 4.016088 
nu[786] = 7.860000
2	 12.270137 
3	 4.744526 
4	 4.060719 
nu[787] = 7.870000
2	 14.798313 
3	 4.755698 
4	 4.110697 
nu[788] = 7.880000
2	 17.385986 
3	 4.768706 
4	 4.157764 
nu[789] = 7.890000
2	 20.365103 
3	 4.781406 
4	 4.120494 
nu[790] = 7.900000
2	 24.236057 
3	 4.799167 
4	 4.069238 
nu[791] = 7.910000
2	 30.160395 
3	 4.817680 
4	 4.021685 
nu[792] = 7.920000
2	 41.717270 
3	 4.865035 
4	 3.910191 
nu[793] = 7.930000
2	 81.473412 
3	 5.032415 
4	 3.544919 
nu[794] = 7.940000
2	 -187.949951 
3	 4.775784 
4	 4.571723 
nu[795] = 7.950000
2	 -24.904593 
3	 4.800492 
4	 4.212082 
nu[796] = 7.960000
2	 -5.619297 
3	 4.805849 
4	 4.189414 
nu[797] = 7.970000
2	 2.701625 
3	 4.790280 
4	 4.155143 
nu[798] = 7.980000
2	 7.967606 
3	 4.804004 
4	 4.155398 
nu[799] = 7.990000
2	 12.127151 
3	 4.814431 
4	 4.162488 
nu[800] = 8.000000
2	 16.001436 
3	 4.828043 
4	 4.165676 
nu[801] = 8.010000
2	 20.136122 
3	 4.841834 
4	 4.167308 
nu[802] = 8.020000
2	 25.143808 
3	 4.857669 
4	 4.178280 
nu[803] = 8.030000
2	 32.171619 
3	 4.877534 
4	 4.186588 
nu[804] = 8.040000
2	 44.115799 
3	 4.906536 
4	 4.209630 
nu[805] = 8.050000
2	 72.922768 
3	 4.988511 
4	 4.263786 
nu[806] = 8.059999
2	 320.834167 
3	 5.723013 
4	 4.739645 
nu[807] = 8.070000
2	 -89.558067 
3	 4.846873 
4	 3.532199 
nu[808] = 8.080000
2	 -28.895868 
3	 4.861551 
4	 3.862643 
nu[809] = 8.090000
2	 -11.061861 
3	 4.877789 
4	 3.977087 
nu[810] = 8.099999
2	 -1.569119 
3	 4.866797 
4	 4.037779 
nu[811] = 8.110000
2	 5.119444 
3	 4.879567 
4	 4.082629 
nu[812] = 8.120000
2	 10.820411 
3	 4.893767 
4	 4.130955 
nu[813] = 8.130000
2	 16.495594 
3	 4.908501 
4	 4.182178 
nu[814] = 8.139999
2	 22.990526 
3	 4.923907 
4	 4.157457 
nu[815] = 8.150000
2	 31.569412 
3	 4.943652 
4	 4.101671 
nu[816] = 8.160000
2	 45.185795 
3	 4.965038 
4	 4.075234 
nu[817] = 8.170000
2	 73.837692 
3	 5.020515 
4	 3.944400 
nu[818] = 8.179999
2	 198.043732 
3	 5.271959 
4	 3.575159 
nu[819] = 8.190000
2	 -238.081589 
3	 4.865903 
4	 4.339503 
nu[820] = 8.200000
2	 -64.921150 
3	 4.929796 
4	 4.164748 
nu[821] = 8.210000
2	 -32.165413 
3	 4.944508 
4	 4.199861 
nu[822] = 8.220000
2	 -17.072618 
3	 4.936681 
4	 4.160375 
nu[823] = 8.230000
2	 -7.359210 
3	 4.952749 
4	 4.177061 
nu[824] = 8.240000
2	 0.333441 
3	 4.966444 
4	 4.179246 
nu[825] = 8.250000
2	 7.524801 
3	 4.983227 
4	 4.187513 
nu[826] = 8.260000
2	 15.361668 
3	 5.000656 
4	 4.188193 
nu[827] = 8.270000
2	 25.324837 
3	 5.020837 
4	 4.203573 
nu[828] = 8.280000
2	 40.553650 
3	 5.048156 
4	 4.189880 
nu[829] = 8.290000
2	 71.020607 
3	 5.099174 
4	 4.237862 
nu[830] = 8.300000
2	 183.702362 
3	 5.295515 
4	 4.241636 
nu[831] = 8.309999
2	 -422.441101 
3	 4.450937 
4	 3.957757 
nu[832] = 8.320000
2	 -99.296921 
3	 4.989124 
4	 3.899729 
nu[833] = 8.330000
2	 -54.368603 
3	 5.013813 
4	 3.992022 
nu[834] = 8.340000
2	 -35.205860 
3	 5.032814 
4	 4.078640 
nu[835] = 8.349999
2	 -23.619301 
3	 5.030962 
4	 4.108938 
nu[836] = 8.360000
2	 -14.911919 
3	 5.046935 
4	 4.151482 
nu[837] = 8.370000
2	 -7.190322 
3	 5.065053 
4	 4.186788 
nu[838] = 8.380000
2	 0.861126 
3	 5.084196 
4	 4.180968 
nu[839] = 8.389999
2	 10.788499 
3	 5.104510 
4	 4.162871 
nu[840] = 8.400000
2	 25.723610 
3	 5.133728 
4	 4.087263 
nu[841] = 8.410000
2	 55.813507 
3	 5.183358 
4	 4.063979 
nu[842] = 8.420000
2	 172.944550 
3	 5.375955 
4	 3.673593 
nu[843] = 8.429999
2	 -362.419678 
3	 4.620866 
4	 5.076894 
nu[844] = 8.440000
2	 -104.652321 
3	 5.072885 
4	 4.247249 
nu[845] = 8.450000
2	 -64.669250 
3	 5.104465 
4	 4.173231 
nu[846] = 8.460000
2	 -47.605930 
3	 5.122041 
4	 4.215460 
nu[847] = 8.470000
2	 -37.592312 
3	 5.121254 
4	 4.184102 
nu[848] = 8.480000
2	 -30.427917 
3	 5.140721 
4	 4.204327 
nu[849] = 8.490000
2	 -24.463238 
3	 5.158245 
4	 4.209547 
nu[850] = 8.500000
2	 -18.679350 
3	 5.179952 
4	 4.216194 
nu[851] = 8.510000
2	 -11.933780 
3	 5.204809 
4	 4.204015 
nu[852] = 8.520000
2	 -1.966440 
3	 5.240335 
4	 4.235350 
nu[853] = 8.530000
2	 19.096157 
3	 5.306213 
4	 4.179947 
nu[854] = 8.540000
2	 130.505600 
3	 5.701005 
4	 4.383976 
nu[855] = 8.550000
2	 -148.299805 
3	 4.849530 
4	 4.282808 
nu[856] = 8.559999
2	 -70.098900 
3	 5.080244 
4	 4.183233 
nu[857] = 8.570000
2	 -52.583687 
3	 5.193069 
4	 4.106272 
nu[858] = 8.580000
2	 -44.816978 
3	 5.213511 
4	 4.118609 
nu[859] = 8.590000
2	 -40.556145 
3	 5.235038 
4	 4.170127 
nu[860] = 8.599999
2	 -38.077721 
3	 5.239991 
4	 4.192852 
nu[861] = 8.610000
2	 -36.692627 
3	 5.263101 
4	 4.221146 
nu[862] = 8.620000
2	 -36.294758 
3	 5.287960 
4	 4.268165 
nu[863] = 8.630000
2	 -37.052212 
3	 5.313928 
4	 4.146378 
nu[864] = 8.639999
2	 -39.931709 
3	 5.354362 
4	 4.134675 
nu[865] = 8.650000
2	 -49.873337 
3	 5.451969 
4	 3.906512 
nu[866] = 8.660000
2	 -395.898804 
3	 12.923790 
4	 1.475684 
nu[867] = 8.670000
2	 -3.991456 
3	 5.108450 
4	 4.635188 
nu[868] = 8.679999
2	 -16.836304 
3	 5.219004 
4	 4.344007 
nu[869] = 8.690000
2	 -21.499428 
3	 5.306809 
4	 4.238025 
nu[870] = 8.700000
2	 -24.519875 
3	 5.329657 
4	 4.201507 
nu[871] = 8.710000
2	 -27.286983 
3	 5.349022 
4	 4.235802 
nu[872] = 8.720000
2	 -30.463461 
3	 5.357365 
4	 4.222501 
nu[873] = 8.730000
2	 -34.667198 
3	 5.381675 
4	 4.233458 
nu[874] = 8.740000
2	 -40.992870 
3	 5.409482 
4	 4.263878 
nu[875] = 8.750000
2	 -52.115124 
3	 5.449251 
4	 4.246734 
nu[876] = 8.760000
2	 -77.444824 
3	 5.517623 
4	 4.174397 
nu[877] = 8.770000
2	 -196.347977 
3	 5.810395 
4	 4.317619 
nu[878] = 8.780000
2	 194.658890 
3	 5.014392 
4	 4.498232 
nu[879] = 8.790000
2	 51.314846 
3	 5.272037 
4	 4.225040 
nu[880] = 8.800000
2	 23.586752 
3	 5.348837 
4	 4.291116 
nu[881] = 8.809999
2	 11.217570 
3	 5.394542 
4	 4.250639 
nu[882] = 8.820000
2	 3.601229 
3	 5.448943 
4	 4.210255 
nu[883] = 8.830000
2	 -2.251535 
3	 5.472479 
4	 4.217434 
nu[884] = 8.840000
2	 -7.749266 
3	 5.498861 
4	 4.244615 
nu[885] = 8.849999
2	 -14.091443 
3	 5.517977 
4	 4.292056 
nu[886] = 8.860000
2	 -23.169876 
3	 5.559622 
4	 4.300948 
nu[887] = 8.870000
2	 -40.386150 
3	 5.624115 
4	 4.439286 
nu[888] = 8.880000
2	 -95.331863 
3	 5.748078 
4	 3.890458 
nu[889] = 8.889999
2	 631.202087 
3	 4.445463 
4	 5.536367 
nu[890] = 8.900000
2	 81.497360 
3	 5.385192 
4	 4.591971 
nu[891] = 8.910000
2	 45.636440 
3	 5.461166 
4	 4.325395 
nu[892] = 8.920000
2	 32.622986 
3	 5.512449 
4	 4.359341 
nu[893] = 8.929999
2	 26.000181 
3	 5.548405 
4	 4.297236 
nu[894] = 8.940000
2	 22.127918 
3	 5.592708 
4	 4.256824 
nu[895] = 8.950000
2	 19.736900 
3	 5.620196 
4	 4.249262 
nu[896] = 8.960000
2	 18.321260 
3	 5.648997 
4	 4.260641 
nu[897] = 8.970000
2	 17.747387 
3	 5.677339 
4	 4.293596 
nu[898] = 8.980000
2	 18.250952 
3	 5.735403 
4	 4.265414 
nu[899] = 8.990000
2	 21.617912 
3	 5.873495 
4	 4.444069 
nu[900] = 9.000000
2	 194.342285 
3	 60.124683 
4	 17.863636 
nu[901] = 9.010000
2	 4.704792 
3	 5.442317 
4	 4.449248 
nu[902] = 9.020000
2	 9.495741 
3	 5.578756 
4	 4.268661 
nu[903] = 9.030000
2	 11.564867 
3	 5.641775 
4	 4.331728 
nu[904] = 9.040000
2	 13.303981 
3	 5.669416 
4	 4.285037 
nu[905] = 9.050000
2	 15.284019 
3	 5.708561 
4	 4.307088 
nu[906] = 9.059999
2	 17.929552 
3	 5.747530 
4	 4.300869 
nu[907] = 9.070000
2	 21.854311 
3	 5.786187 
4	 4.279449 
nu[908] = 9.080000
2	 28.317455 
3	 5.830689 
4	 4.329533 
nu[909] = 9.090000
2	 41.033859 
3	 5.894603 
4	 4.321435 
nu[910] = 9.099999
2	 77.058243 
3	 6.044012 
4	 4.597298 
nu[911] = 9.110000
2	 873.181946 
3	 12.325188 
4	 16.000000 
nu[912] = 9.120000
2	 -89.372765 
3	 5.516315 
4	 3.953248 
nu[913] = 9.130000
2	 -41.401878 
3	 5.728893 
4	 4.458076 
nu[914] = 9.139999
2	 -26.258261 
3	 5.793415 
4	 4.325372 
nu[915] = 9.150000
2	 -18.602331 
3	 5.836643 
4	 4.358673 
nu[916] = 9.160000
2	 -13.711028 
3	 5.863075 
4	 4.307090 
nu[917] = 9.170000
2	 -9.938736 
3	 5.903702 
4	 4.311897 
nu[918] = 9.179999
2	 -6.394490 
3	 5.947629 
4	 4.306425 
nu[919] = 9.190000
2	 -2.156873 
3	 5.989532 
4	 4.277481 
nu[920] = 9.200000
2	 4.789445 
3	 6.057845 
4	 4.346222 
nu[921] = 9.210000
2	 23.723173 
3	 6.225797 
4	 4.274583 
nu[922] = 9.220000
2	 3531.374268 
3	 -1.680254 
4	 2.011715 
nu[923] = 9.230000
2	 -51.075302 
3	 5.707358 
4	 4.309758 
nu[924] = 9.240000
2	 -32.277149 
3	 5.865520 
4	 4.209761 
nu[925] = 9.250000
2	 -26.458914 
3	 5.940113 
4	 4.307964 
nu[926] = 9.260000
2	 -24.119345 
3	 5.993037 
4	 4.350617 
nu[927] = 9.270000
2	 -23.471010 
3	 6.039762 
4	 4.315872 
nu[928] = 9.280000
2	 -24.118193 
3	 6.086020 
4	 4.324917 
nu[929] = 9.290000
2	 -26.264351 
3	 6.127088 
4	 4.339177 
nu[930] = 9.300000
2	 -30.926287 
3	 6.197243 
4	 4.304391 
nu[931] = 9.309999
2	 -41.816742 
3	 6.312344 
4	 4.372328 
nu[932] = 9.320000
2	 -81.486984 
3	 6.561928 
4	 4.368515 
nu[933] = 9.330000
2	 277.028290 
3	 4.819208 
4	 3.498129 
nu[934] = 9.340000
2	 38.663216 
3	 5.900714 
4	 4.279394 
nu[935] = 9.349999
2	 16.856312 
3	 6.033819 
4	 4.203172 
nu[936] = 9.360000
2	 8.434795 
3	 6.111435 
4	 4.312569 
nu[937] = 9.370000
2	 3.653360 
3	 6.172771 
4	 4.287525 
nu[938] = 9.380000
2	 0.151480 
3	 6.238646 
4	 4.348053 
nu[939] = 9.389999
2	 -3.091431 
3	 6.289301 
4	 4.327597 
nu[940] = 9.400000
2	 -6.930434 
3	 6.348869 
4	 4.307276 
nu[941] = 9.410000
2	 -12.881147 
3	 6.420194 
4	 4.331677 
nu[942] = 9.420000
2	 -26.019962 
3	 6.574157 
4	 4.216707 
nu[943] = 9.429999
2	 -94.133118 
3	 7.350588 
4	 4.336683 
nu[944] = 9.440000
2	 92.819389 
3	 5.758615 
4	 4.378766 
nu[945] = 9.450000
2	 36.298374 
3	 6.161333 
4	 4.225401 
nu[946] = 9.460000
2	 24.778870 
3	 6.277942 
4	 4.341614 
nu[947] = 9.469999
2	 20.256395 
3	 6.337226 
4	 4.292858 
nu[948] = 9.480000
2	 18.318611 
3	 6.398384 
4	 4.345597 
nu[949] = 9.490000
2	 17.880989 
3	 6.457350 
4	 4.340052 
nu[950] = 9.500000
2	 18.778517 
3	 6.520743 
4	 4.354502 
nu[951] = 9.510000
2	 21.504837 
3	 6.598482 
4	 4.325821 
nu[952] = 9.520000
2	 28.085688 
3	 6.721340 
4	 4.369756 
nu[953] = 9.530000
2	 49.165726 
3	 7.020972 
4	 4.191539 
nu[954] = 9.540000
2	 3007.326904 
3	 -1.577756 
4	 3.501723 
nu[955] = 9.550000
2	 -39.214657 
3	 6.101794 
4	 4.532529 
nu[956] = 9.559999
2	 -16.745872 
3	 6.372265 
4	 4.345730 
nu[957] = 9.570000
2	 -9.169457 
3	 6.510253 
4	 4.355247 
nu[958] = 9.580000
2	 -5.095135 
3	 6.585970 
4	 4.322349 
nu[959] = 9.590000
2	 -2.198730 
3	 6.656927 
4	 4.369173 
nu[960] = 9.599999
2	 0.450437 
3	 6.716841 
4	 4.372345 
nu[961] = 9.610000
2	 3.577678 
3	 6.800926 
4	 4.385972 
nu[962] = 9.620000
2	 8.442883 
3	 6.917390 
4	 4.452104 
nu[963] = 9.630000
2	 19.297985 
3	 7.103598 
4	 4.233896 
nu[964] = 9.639999
2	 77.592148 
3	 8.138133 
4	 4.324312 
nu[965] = 9.650000
2	 -75.642700 
3	 5.987508 
4	 4.758151 
nu[966] = 9.660000
2	 -31.632837 
3	 6.521121 
4	 4.369417 
nu[967] = 9.670000
2	 -22.499823 
3	 6.690744 
4	 4.457202 
nu[968] = 9.679999
2	 -18.985025 
3	 6.792950 
4	 4.382911 
nu[969] = 9.690000
2	 -17.624237 
3	 6.884410 
4	 4.372440 
nu[970] = 9.700000
2	 -17.583799 
3	 6.962714 
4	 4.368621 
nu[971] = 9.710000
2	 -18.839106 
3	 7.048264 
4	 4.376298 
nu[972] = 9.719999
2	 -22.094517 
3	 7.149603 
4	 4.431061 
nu[973] = 9.730000
2	 -30.135340 
3	 7.335040 
4	 4.397736 
nu[974] = 9.740000
2	 -60.595421 
3	 7.934800 
4	 4.731193 
nu[975] = 9.750000
2	 183.298569 
3	 5.058730 
4	 4.337248 
nu[976] = 9.760000
2	 29.574400 
3	 6.632479 
4	 4.562637 
nu[977] = 9.770000
2	 14.116630 
3	 6.887608 
4	 4.395049 
nu[978] = 9.780000
2	 8.213003 
3	 7.028068 
4	 4.465953 
nu[979] = 9.790000
2	 4.975576 
3	 7.121739 
4	 4.406160 
nu[980] = 9.800000
2	 2.724874 
3	 7.220619 
4	 4.434266 
nu[981] = 9.809999
2	 0.753794 
3	 7.327895 
4	 4.428306 
nu[982] = 9.820000
2	 -1.533468 
3	 7.446367 
4	 4.406895 
nu[983] = 9.830000
2	 -5.285735 
3	 7.643153 
4	 4.493642 
nu[984] = 9.840000
2	 -15.753966 
3	 8.152917 
4	 4.420185 
nu[985] = 9.849999
2	 3397.672607 
3	 0.398964 
4	 3.016834 
nu[986] = 9.860000
2	 25.387571 
3	 6.697471 
4	 4.403788 
nu[987] = 9.870000
2	 15.568417 
3	 7.092891 
4	 4.320863 
nu[988] = 9.880000
2	 12.705510 
3	 7.308553 
4	 4.472204 
nu[989] = 9.889999
2	 11.806773 
3	 7.433863 
4	 4.415834 
nu[990] = 9.900000
2	 11.987269 
3	 7.546343 
4	 4.435624 
nu[991] = 9.910000
2	 13.184751 
3	 7.654086 
4	 4.429504 
nu[992] = 9.920000
2	 15.886792 
3	 7.799264 
4	 4.411036 
nu[993] = 9.929999
2	 21.853209 
3	 8.022412 
4	 4.460772 
nu[994] = 9.940000
2	 39.567776 
3	 8.494098 
4	 4.393178 
nu[995] = 9.950000
2	 386.280853 
3	 -484.806458 
4	 0.164784 
nu[996] = 9.960000
2	 -47.084114 
3	 6.890774 
4	 4.449735 
nu[997] = 9.969999
2	 -22.119726 
3	 7.379019 
4	 4.316794 
nu[998] = 9.980000
2	 -14.618690 
3	 7.602827 
4	 4.431935 
nu[999] = 9.990000
2	 -11.125082 
3	 7.757080 
4	 4.398111 
