   h          	   D_1        	   D_2        	   D_3        	   D_4        	   D_5        

0.400000      	30.151567480308898      
0.200000      	29.704268474394350      	29.555168805756168     

0.100000      	29.593186100007600      	29.556158641878682     	29.556224630953515     

0.050000      	29.565461742159009      	29.556220289542811     	29.556224399387087     	29.556224395711432     

0.025000      	29.558533539895386      	29.556224139140841     	29.556224395780710     	29.556224395723468     	29.556224395723518     

0.012500      	29.556801669752979      	29.556224379705508     	29.556224395743151     	29.556224395742554     	29.556224395742628     	29.556224395742646     

0.006250      	29.556368713474505      	29.556224394715013     	29.556224395715649     	29.556224395715212     	29.556224395715102     	29.556224395715073     	29.556224395715066     

0.003125      	29.556260474419098      	29.556224394733960     	29.556224394735224     	29.556224394719663     	29.556224394715759     	29.556224394714782     	29.556224394714540     	29.556224394714480     

0.001563      	29.556233416224124      	29.556224396825797     	29.556224396965256     	29.556224397000655     	29.556224397009601     	29.556224397011842     	29.556224397012400     	29.556224397012542     	29.556224397012574     

0.000781      	29.556226654676713      	29.556224400827574     	29.556224401094362     	29.556224401159902     	29.556224401176213     	29.556224401180287     	29.556224401181307     	29.556224401181559     	29.556224401181623     	29.556224401181638     

29.556224395722602
