0.000000 	 0.0000000000
0.010000 	 0.0083876457
0.020000 	 0.0167209785
0.030000 	 0.0249997247
0.040000 	 0.0332236439
0.050000 	 0.0413925312
0.060000 	 0.0495061800
0.070000 	 0.0575644188
0.080000 	 0.0655670986
0.090000 	 0.0735141039
0.100000 	 0.0814052895
0.110000 	 0.0892405808
0.120000 	 0.0970198512
0.130000 	 0.1047431380
0.140000 	 0.1124103144
0.150000 	 0.1200212613
0.160000 	 0.1275763214
0.170000 	 0.1350746304
0.180000 	 0.1425181031
0.190000 	 0.1499070078
0.200000 	 0.1572356671
0.210000 	 0.1645118147
0.220000 	 0.1717294753
0.230000 	 0.1788927019
0.240000 	 0.1860005409
0.250000 	 0.1930523068
0.260000 	 0.2000483871
0.270000 	 0.2069888562
0.280000 	 0.2138746977
0.290000 	 0.2207051814
0.300000 	 0.2274813056
0.310000 	 0.2342017889
0.320000 	 0.2408715636
0.330000 	 0.2474851906
0.340000 	 0.2540422976
0.350000 	 0.2605442703
0.360000 	 0.2669998109
0.370000 	 0.2733908296
0.380000 	 0.2797418535
0.390000 	 0.2860335112
0.400000 	 0.2922779918
0.410000 	 0.2984577715
0.420000 	 0.3045971394
0.430000 	 0.3106710017
0.440000 	 0.3167096376
0.450000 	 0.3226792216
0.460000 	 0.3286100924
0.470000 	 0.3344800472
0.480000 	 0.3403141797
0.490000 	 0.3460774720
0.500000 	 0.3518123329
0.510000 	 0.3574986756
0.520000 	 0.3631114066
0.530000 	 0.3686994910
0.540000 	 0.3742133975
0.550000 	 0.3796967566
0.560000 	 0.3851211667
0.570000 	 0.3905176222
0.580000 	 0.3958371580
0.590000 	 0.4011394680
0.600000 	 0.4063723087
0.610000 	 0.4115681052
0.620000 	 0.4166991711
0.630000 	 0.4218270779
0.640000 	 0.4268655479
0.650000 	 0.4318824708
0.660000 	 0.4368307889
0.670000 	 0.4417698085
0.680000 	 0.4466284215
0.690000 	 0.4514648616
0.700000 	 0.4562507272
0.710000 	 0.4609996676
0.720000 	 0.4656840563
0.730000 	 0.4703408778
0.740000 	 0.4749390781
0.750000 	 0.4795328677
0.760000 	 0.4840858579
0.770000 	 0.4885494113
0.780000 	 0.4930010736
0.790000 	 0.4973930418
0.800000 	 0.5017828345
0.810000 	 0.5060953498
0.820000 	 0.5103708506
0.830000 	 0.5146023631
0.840000 	 0.5188339353
0.850000 	 0.5229891539
0.860000 	 0.5270988941
0.870000 	 0.5311761498
0.880000 	 0.5352439880
0.890000 	 0.5392532349
0.900000 	 0.5432183743
0.910000 	 0.5471470356
0.920000 	 0.5510764122
0.930000 	 0.5549319386
0.940000 	 0.5587331653
0.950000 	 0.5625413656
0.960000 	 0.5662953258
0.970000 	 0.5700162053
0.980000 	 0.5736676455
0.990000 	 0.5773110390
1.000000 	 0.5809584260
1.010000 	 0.5845721960
1.020000 	 0.5881153345
1.030000 	 0.5915882587
1.040000 	 0.5950652361
1.050000 	 0.5985437632
1.060000 	 0.6019560695
1.070000 	 0.6052944660
1.080000 	 0.6086413860
1.090000 	 0.6119925976
1.100000 	 0.6152788401
1.110000 	 0.6184840202
1.120000 	 0.6217063069
1.130000 	 0.6249366999
1.140000 	 0.6280757189
1.150000 	 0.6311767101
1.160000 	 0.6342796683
1.170000 	 0.6373876929
1.180000 	 0.6404317617
1.190000 	 0.6433920264
1.200000 	 0.6463780999
1.210000 	 0.6493564844
1.220000 	 0.6522828341
1.230000 	 0.6551264524
1.240000 	 0.6580008268
1.250000 	 0.6608817577
1.260000 	 0.6637361646
1.270000 	 0.6665283442
1.280000 	 0.6692312360
1.290000 	 0.6719735861
1.300000 	 0.6746929884
1.310000 	 0.6773800850
1.320000 	 0.6799786687
1.330000 	 0.6826151609
1.340000 	 0.6852334738
1.350000 	 0.6878470778
1.360000 	 0.6903424859
1.370000 	 0.6928810477
1.380000 	 0.6953926086
1.390000 	 0.6978822351
1.400000 	 0.7002776861
1.410000 	 0.7027195096
1.420000 	 0.7051683068
1.430000 	 0.7075650096
1.440000 	 0.7098694444
1.450000 	 0.7122182250
1.460000 	 0.7145228386
1.470000 	 0.7168288827
1.480000 	 0.7190994024
1.490000 	 0.7212988138
1.500000 	 0.7235690951
1.510000 	 0.7258169651
1.520000 	 0.7280138135
1.530000 	 0.7301179171
1.540000 	 0.7322487235
1.550000 	 0.7343685031
1.560000 	 0.7364807725
1.570000 	 0.7385036945
1.580000 	 0.7405758500
1.590000 	 0.7426571250
1.600000 	 0.7446908355
1.610000 	 0.7466328740
1.620000 	 0.7486276627
1.630000 	 0.7505574822
1.640000 	 0.7525120378
1.650000 	 0.7543777823
1.660000 	 0.7562957406
1.670000 	 0.7582246065
1.680000 	 0.7601059675
1.690000 	 0.7619113922
1.700000 	 0.7637459040
1.710000 	 0.7655080557
1.720000 	 0.7673352957
1.730000 	 0.7690389156
1.740000 	 0.7708141208
1.750000 	 0.7726011872
1.760000 	 0.7743700743
1.770000 	 0.7760945559
1.780000 	 0.7777303457
1.790000 	 0.7794243693
1.800000 	 0.7810207009
1.810000 	 0.7826792598
1.820000 	 0.7842519879
1.830000 	 0.7858808041
1.840000 	 0.7875190973
1.850000 	 0.7891162038
1.860000 	 0.7906280756
1.870000 	 0.7921940684
1.880000 	 0.7936599255
1.890000 	 0.7951937318
1.900000 	 0.7966443300
1.910000 	 0.7981503010
1.920000 	 0.7996683717
1.930000 	 0.8011469841
1.940000 	 0.8025433421
1.950000 	 0.8039941192
1.960000 	 0.8053796887
1.970000 	 0.8067457080
1.980000 	 0.8080853820
1.990000 	 0.8094803095
2.000000 	 0.8108852506
2.010000 	 0.8122788668
2.020000 	 0.8136330843
2.030000 	 0.8149073720
2.040000 	 0.8162365556
2.050000 	 0.8174375892
2.060000 	 0.8187387586
2.070000 	 0.8199662566
2.080000 	 0.8212416172
2.090000 	 0.8225338459
2.100000 	 0.8237854838
2.110000 	 0.8249642849
2.120000 	 0.8261902928
2.130000 	 0.8273387551
2.140000 	 0.8284979463
2.150000 	 0.8296301365
2.160000 	 0.8308113813
2.170000 	 0.8320041299
2.180000 	 0.8331664801
2.190000 	 0.8342514634
2.200000 	 0.8353944421
2.210000 	 0.8363878727
2.220000 	 0.8375447989
2.230000 	 0.8385466933
2.240000 	 0.8396452665
2.250000 	 0.8407475948
2.260000 	 0.8418423533
2.270000 	 0.8429099917
2.280000 	 0.8438976407
2.290000 	 0.8449457884
2.300000 	 0.8458384871
2.310000 	 0.8468693495
2.320000 	 0.8478144407
2.330000 	 0.8488273621
2.340000 	 0.8498369455
2.350000 	 0.8508156538
2.360000 	 0.8517385125
2.370000 	 0.8526939154
2.380000 	 0.8535282016
2.390000 	 0.8544948101
2.400000 	 0.8553569913
2.410000 	 0.8562761545
2.420000 	 0.8572078347
2.430000 	 0.8581305146
2.440000 	 0.8589656353
2.450000 	 0.8598721027
2.460000 	 0.8606051803
2.470000 	 0.8614939451
2.480000 	 0.8622933626
2.490000 	 0.8631688356
2.500000 	 0.8640283942
2.510000 	 0.8648802638
2.520000 	 0.8657298684
2.530000 	 0.8664863110
2.540000 	 0.8673248887
2.550000 	 0.8679798841
2.560000 	 0.8688042164
2.570000 	 0.8695271611
2.580000 	 0.8703312278
2.590000 	 0.8711183667
2.600000 	 0.8718742728
2.610000 	 0.8726056218
2.620000 	 0.8733460307
2.630000 	 0.8739819527
2.640000 	 0.8747075200
2.650000 	 0.8754105568
2.660000 	 0.8761218190
2.670000 	 0.8768489361
2.680000 	 0.8775831461
2.690000 	 0.8782221675
2.700000 	 0.8789474964
2.710000 	 0.8794794083
2.720000 	 0.8801929951
2.730000 	 0.8808002472
2.740000 	 0.8815000653
2.750000 	 0.8821696043
2.760000 	 0.8828321099
2.770000 	 0.8835136890
2.780000 	 0.8840878010
2.790000 	 0.8846747279
2.800000 	 0.8852319717
2.810000 	 0.8858909011
2.820000 	 0.8864427209
2.830000 	 0.8870898485
2.840000 	 0.8877017498
2.850000 	 0.8882818818
2.860000 	 0.8888634443
2.870000 	 0.8894335032
2.880000 	 0.8899570107
2.890000 	 0.8904757500
2.900000 	 0.8910385370
2.910000 	 0.8915856481
2.920000 	 0.8921453953
2.930000 	 0.8927409053
2.940000 	 0.8932204247
2.950000 	 0.8938065767
2.960000 	 0.8941844106
2.970000 	 0.8947615623
2.980000 	 0.8952973485
2.990000 	 0.8957858682
3.000000 	 0.8963021040
3.010000 	 0.8968120217
3.020000 	 0.8973656297
3.030000 	 0.8977945447
3.040000 	 0.8983430266
3.050000 	 0.8986735344
3.060000 	 0.8992074728
3.070000 	 0.8996234536
3.080000 	 0.9001508355
3.090000 	 0.9006173015
3.100000 	 0.9010607004
3.110000 	 0.9015302658
3.120000 	 0.9019635916
3.130000 	 0.9023690820
3.140000 	 0.9028084874
3.150000 	 0.9032151699
3.160000 	 0.9036312699
3.170000 	 0.9040596485
3.180000 	 0.9045460820
3.190000 	 0.9049053788
3.200000 	 0.9053841233
3.210000 	 0.9056424499
3.220000 	 0.9061140418
3.230000 	 0.9065287709
3.240000 	 0.9069178700
3.250000 	 0.9073121548
3.260000 	 0.9077036977
3.270000 	 0.9081560373
3.280000 	 0.9084752202
3.290000 	 0.9089213014
3.300000 	 0.9091441035
3.310000 	 0.9095833302
3.320000 	 0.9098863602
3.330000 	 0.9102789164
3.340000 	 0.9106788039
3.350000 	 0.9110150933
3.360000 	 0.9113926888
3.370000 	 0.9117241502
3.380000 	 0.9120102525
3.390000 	 0.9123334885
3.400000 	 0.9126978517
3.410000 	 0.9130147696
3.420000 	 0.9133418798
3.430000 	 0.9137431383
3.440000 	 0.9140036106
3.450000 	 0.9143391848
3.460000 	 0.9145654440
3.470000 	 0.9149566293
3.480000 	 0.9152014852
3.490000 	 0.9155870676
3.500000 	 0.9158849716
3.510000 	 0.9161833525
3.520000 	 0.9165595174
3.530000 	 0.9167882204
3.540000 	 0.9171600938
3.550000 	 0.9172978997
3.560000 	 0.9176457524
3.570000 	 0.9178863764
3.580000 	 0.9182424545
3.590000 	 0.9185147882
3.600000 	 0.9187682867
3.610000 	 0.9190769196
3.620000 	 0.9193227887
3.630000 	 0.9195476770
3.640000 	 0.9197872877
3.650000 	 0.9200854897
3.660000 	 0.9203236103
3.670000 	 0.9205709100
3.680000 	 0.9208616018
3.690000 	 0.9210888743
3.700000 	 0.9214178324
3.710000 	 0.9215160608
3.720000 	 0.9218421578
3.730000 	 0.9220908880
3.740000 	 0.9223373532
3.750000 	 0.9225659966
3.760000 	 0.9228001833
3.770000 	 0.9231026173
3.780000 	 0.9232689738
3.790000 	 0.9234881997
3.800000 	 0.9237126112
3.810000 	 0.9239571691
3.820000 	 0.9241122603
3.830000 	 0.9244133830
3.840000 	 0.9246197939
3.850000 	 0.9248037338
3.860000 	 0.9250606894
3.870000 	 0.9252257347
3.880000 	 0.9254164100
3.890000 	 0.9255932570
3.900000 	 0.9258399606
3.910000 	 0.9260134101
3.920000 	 0.9262548089
3.930000 	 0.9264827371
3.940000 	 0.9266127348
3.950000 	 0.9268899560
3.960000 	 0.9269350171
3.970000 	 0.9272093177
3.980000 	 0.9273283482
3.990000 	 0.9275993109
4.000000 	 0.9277678728
4.010000 	 0.9279375076
4.020000 	 0.9282003045
4.030000 	 0.9283101559
4.040000 	 0.9284856915
4.050000 	 0.9286013842
4.060000 	 0.9288583994
4.070000 	 0.9289625883
4.080000 	 0.9292210937
4.090000 	 0.9293693900
4.100000 	 0.9295056462
4.110000 	 0.9297162294
4.120000 	 0.9298540950
4.130000 	 0.9299870729
4.140000 	 0.9301143885
4.150000 	 0.9303237796
4.160000 	 0.9304528832
4.170000 	 0.9305880666
4.180000 	 0.9308258295
4.190000 	 0.9309116006
4.200000 	 0.9311453104
4.210000 	 0.9311515689
4.220000 	 0.9313887358
4.230000 	 0.9314627647
4.240000 	 0.9316936731
4.250000 	 0.9318220615
4.260000 	 0.9319598675
4.270000 	 0.9321671128
4.280000 	 0.9322372079
4.290000 	 0.9324609637
4.300000 	 0.9324579835
4.310000 	 0.9326750636
4.320000 	 0.9327433705
4.330000 	 0.9329600334
4.340000 	 0.9330709577
4.350000 	 0.9331678748
4.360000 	 0.9333480597
4.370000 	 0.9334415197
4.380000 	 0.9335471988
4.390000 	 0.9336419106
4.400000 	 0.9338110685
4.410000 	 0.9339035749
4.420000 	 0.9340017438
4.430000 	 0.9342079759
4.440000 	 0.9342866540
4.450000 	 0.9344592690
4.460000 	 0.9344399571
4.470000 	 0.9346390963
4.480000 	 0.9346886873
4.490000 	 0.9348790050
4.500000 	 0.9349737763
4.510000 	 0.9350639582
4.520000 	 0.9352543354
4.530000 	 0.9352968931
4.540000 	 0.9354898334
4.550000 	 0.9354624152
4.560000 	 0.9356480241
4.570000 	 0.9356850386
4.580000 	 0.9358741641
4.590000 	 0.9359539747
4.600000 	 0.9360218644
4.610000 	 0.9361756444
4.620000 	 0.9362398386
4.630000 	 0.9363279939
4.640000 	 0.9363844991
4.650000 	 0.9365319610
4.660000 	 0.9365937710
4.670000 	 0.9366646409
4.680000 	 0.9368408322
4.690000 	 0.9368692636
4.700000 	 0.9370376468
4.710000 	 0.9369990230
4.720000 	 0.9371738434
4.730000 	 0.9371957779
4.740000 	 0.9373444319
4.750000 	 0.9374310970
4.760000 	 0.9374966025
4.770000 	 0.9376608729
4.780000 	 0.9376809001
4.790000 	 0.9378499389
4.800000 	 0.9378025532
4.810000 	 0.9379610419
4.820000 	 0.9379777908
4.830000 	 0.9380962849
4.840000 	 0.9381976128
4.850000 	 0.9382401109
4.860000 	 0.9383735061
4.870000 	 0.9384194016
4.880000 	 0.9384748936
4.890000 	 0.9385249615
4.900000 	 0.9386478662
4.910000 	 0.9386916161
4.920000 	 0.9387375712
4.930000 	 0.9388945699
4.940000 	 0.9389050603
4.950000 	 0.9390468597
4.960000 	 0.9389926791
4.970000 	 0.9391478896
4.980000 	 0.9391518235
4.990000 	 0.9392967224
